28.699864 28.839184 217.713918 E5-ARANAGME-n1 
28.885624 28.932063 241.726733 F5#4-ARANAGME-n2 
28.978503 29.071383 258.061810 G5-ARANAGME-n3 
29.117823 29.210703 241.726733 F5#4-ARANAGME-n4 
29.257143 29.303583 290.296661 A5-ARANAGME-n5 
29.350023 29.767982 258.061810 G5-ARANAGME-n6 
29.814422 30.000181 258.061810 G5-ARANAGME-n7 
30.046621 30.371701 241.726733 F5#4-ARANAGME-n8 
30.418141 30.418141 258.061810 G5-ARANAGME-n9 
30.464580 30.603900 305.887187 B5b5-ARANAGME-n10 
30.650340 30.650340 290.296661 A5-ARANAGME-n11 
30.696780 30.743220 258.061810 G5-ARANAGME-n12 
30.789660 31.021859 229.406352 F5-ARANAGME-n13 
31.068299 31.254059 229.406352 F5-ARANAGME-n14 
31.300499 31.393379 217.713918 E5-ARANAGME-n15 
31.439819 31.532698 229.406352 F5-ARANAGME-n16 
31.625578 31.950658 290.296661 A5-ARANAGME-n17 
32.043537 32.415057 258.061810 G5-ARANAGME-n18 
32.507937 32.647256 290.296661 A5-ARANAGME-n19 
32.693696 32.786576 258.061810 G5-ARANAGME-n20 
32.833016 32.925896 229.406352 F5-ARANAGME-n21 
32.972336 33.018776 217.713918 E5-ARANAGME-n22 
33.065215 33.343855 193.538732 D5-ARANAGME-n23 
33.436735 33.761814 193.538732 D5-ARANAGME-n24 
33.808254 33.947574 217.713918 E5-ARANAGME-n25 
34.040454 34.226213 193.538732 D5-ARANAGME-n26 
34.319093 34.644172 172.047985 C5-ARANAGME-n27 
34.737052 34.969252 163.279005 B4-ARANAGME-n28 
35.015692 35.294331 172.047985 C5-ARANAGME-n29 
35.340771 35.665850 172.047985 C5-ARANAGME-n30 
35.758730 35.990930 217.713918 E5-ARANAGME-n31 
36.083810 36.176689 193.538732 D5-ARANAGME-n32 
36.223129 36.641088 172.047985 C5-ARANAGME-n33 
36.687528 36.687528 163.279005 B4-ARANAGME-n34 
36.733968 36.780408 172.047985 C5-ARANAGME-n35 
36.826848 37.105488 193.538732 D5-ARANAGME-n36 
37.151927 37.662766 193.538732 D5-ARANAGME-n37 
37.755646 37.987846 217.713918 E5-ARANAGME-n38 
38.080726 38.266485 193.538732 D5-ARANAGME-n39 
38.312925 38.591565 172.047985 C5-ARANAGME-n40 
38.638005 38.730884 163.279005 B4-ARANAGME-n41 
38.823764 39.009524 145.148330 A4-ARANAGME-n42 
39.055964 39.241723 129.030905 G4-ARANAGME-n43 
39.288163 39.473923 129.030905 G4-ARANAGME-n44 
39.520363 39.984762 163.279005 B4-ARANAGME-n45 
40.031202 40.449161 172.047985 C5-ARANAGME-n46 
40.542041 40.774240 217.713918 E5-ARANAGME-n47 
40.820680 40.913560 193.538732 D5-ARANAGME-n48 
41.006440 41.006440 217.713918 E5-ARANAGME-n49 
41.099320 41.238639 172.047985 C5-ARANAGME-n50 
41.331519 41.424399 163.279005 B4-ARANAGME-n51 
41.470839 41.563719 145.148330 A4-ARANAGME-n52 
41.703039 42.074558 163.279005 B4-ARANAGME-n53 
42.120998 42.167438 172.047985 C5-ARANAGME-n54 
42.213878 42.353197 163.279005 B4-ARANAGME-n55 
42.399637 42.864036 145.148330 A4-ARANAGME-n56 
42.910476 43.003356 135.960574 G4#4-ARANAGME-n57 
43.096236 43.653515 145.148330 A4-ARANAGME-n58 
43.699955 43.746395 145.148330 A4-ARANAGME-n59 
44.860952 45.325351 229.406352 F5-KITA_1._DIZE-n1 
45.418231 45.418231 217.713918 E5-KITA_1._DIZE-n2 
45.511111 45.929070 203.932826 D5#4-KITA_1._DIZE-n3 
45.975510 46.068390 172.047985 C5-KITA_1._DIZE-n4 
46.114830 46.207710 163.279005 B4-KITA_1._DIZE-n5 
46.254150 46.625669 145.148330 A4-KITA_1._DIZE-n6 
46.718549 47.136508 217.713918 E5-KITA_1._DIZE-n7 
47.182948 47.647347 203.932826 D5#4-KITA_1._DIZE-n8 
47.693787 47.972426 217.713918 E5-KITA_1._DIZE-n9 
48.018866 48.483265 229.406352 F5-KITA_1._DIZE-n10 
48.529705 48.761905 229.406352 F5-KITA_1._DIZE-n11 
49.179864 49.504943 217.713918 E5-KITA_2._DIZE-n1 
49.551383 50.247982 203.932826 D5#4-KITA_2._DIZE-n2 
50.340862 50.758821 172.047985 C5-KITA_2._DIZE-n3 
50.805261 51.316100 163.279005 B4-KITA_2._DIZE-n4 
51.362540 51.780499 145.148330 A4-KITA_2._DIZE-n5 
51.826939 52.244898 135.960574 G4#4-KITA_2._DIZE-n6 
52.291338 52.523537 145.148330 A4-KITA_2._DIZE-n7 
52.616417 52.941497 163.279005 B4-KITA_2._DIZE-n8 
52.987937 53.173696 163.279005 B4-KITA_2._DIZE-n9 
54.102494 54.520454 217.713918 E5-KITA_3._DIZE-n1 
54.566893 54.566893 229.406352 F5-KITA_3._DIZE-n2 
54.613333 54.706213 217.713918 E5-KITA_3._DIZE-n3 
54.799093 54.938413 203.932826 D5#4-KITA_3._DIZE-n4 
54.984853 55.774331 172.047985 C5-KITA_3._DIZE-n5 
55.820771 56.145850 258.061810 G5-KITA_3._DIZE-n6 
56.192290 56.610249 258.061810 G5-KITA_3._DIZE-n7 
56.656689 56.749569 241.726733 F5#4-KITA_3._DIZE-n8 
56.796009 56.935329 258.061810 G5-KITA_3._DIZE-n9 
57.028209 57.306848 290.296661 A5-KITA_3._DIZE-n10 
57.399728 58.142766 217.713918 E5-KITA_3._DIZE-n11 
58.235646 58.235646 217.713918 E5-KITA_3._DIZE-n12 
58.421406 58.792925 217.713918 E5-NAKARAT_1._DIZE-n1 
58.978685 59.675283 290.296661 A5-NAKARAT_1._DIZE-n2 
59.768163 60.139683 271.921148 G5#4-NAKARAT_1._DIZE-n3 
60.325442 60.325442 229.406352 F5-NAKARAT_1._DIZE-n4 
60.371882 60.836281 217.713918 E5-NAKARAT_1._DIZE-n5 
60.929161 60.975601 203.932826 D5#4-NAKARAT_1._DIZE-n6 
61.022041 61.347120 217.713918 E5-NAKARAT_1._DIZE-n7 
61.393560 61.718639 229.406352 F5-NAKARAT_1._DIZE-n8 
61.811519 62.136599 217.713918 E5-NAKARAT_1._DIZE-n9 
62.229478 62.461678 217.713918 E5-NAKARAT_1._DIZE-n10 
62.554558 62.740317 203.932826 D5#4-NAKARAT_1._DIZE-n11 
62.786757 62.879637 172.047985 C5-NAKARAT_1._DIZE-n12 
63.065397 63.251156 203.932826 D5#4-NAKARAT_2._DIZE-n1 
63.297596 63.483356 217.713918 E5-NAKARAT_2._DIZE-n2 
63.529796 63.529796 229.406352 F5-NAKARAT_2._DIZE-n3 
63.576236 63.808435 217.713918 E5-NAKARAT_2._DIZE-n4 
63.901315 64.226395 271.921148 G5#4-NAKARAT_2._DIZE-n5 
64.319274 64.737234 229.406352 F5-NAKARAT_2._DIZE-n6 
64.783673 65.526712 229.406352 F5-NAKARAT_2._DIZE-n7 
65.619592 65.805351 229.406352 F5-NAKARAT_2._DIZE-n8 
65.898231 65.991111 217.713918 E5-NAKARAT_2._DIZE-n9 
66.037551 66.409070 217.713918 E5-NAKARAT_2._DIZE-n10 
66.501950 66.687710 203.932826 D5#4-NAKARAT_2._DIZE-n11 
66.780590 67.337868 217.713918 E5-NAKARAT_2._DIZE-n12 
67.384308 67.570068 172.047985 C5-NAKARAT_2._DIZE-n13 
67.895147 67.988027 203.932826 D5#4-NAKARAT_3._DIZE-n1 
68.034467 68.498866 217.713918 E5-NAKARAT_3._DIZE-n2 
68.591746 68.591746 229.406352 F5-NAKARAT_3._DIZE-n3 
68.638186 68.777506 217.713918 E5-NAKARAT_3._DIZE-n4 
68.870385 69.288345 203.932826 D5#4-NAKARAT_3._DIZE-n5 
69.381224 69.381224 172.047985 C5-NAKARAT_3._DIZE-n6 
69.427664 69.520544 203.932826 D5#4-NAKARAT_3._DIZE-n7 
69.613424 70.124263 217.713918 E5-NAKARAT_3._DIZE-n8 
70.170703 70.310023 203.932826 D5#4-NAKARAT_3._DIZE-n9 
70.402902 70.681542 217.713918 E5-NAKARAT_3._DIZE-n10 
70.727982 70.867302 229.406352 F5-NAKARAT_3._DIZE-n11 
70.913741 71.099501 217.713918 E5-NAKARAT_3._DIZE-n12 
71.192381 71.517460 203.932826 D5#4-NAKARAT_3._DIZE-n13 
71.563900 71.888980 172.047985 C5-NAKARAT_3._DIZE-n14 
71.935420 71.935420 163.279005 B4-NAKARAT_3._DIZE-n15 
72.028299 72.306939 145.148330 A4-NAKARAT_3._DIZE-n16 
72.353379 72.817778 193.538732 D5-NAKARAT_4._DIZE-n1 
72.910658 73.235737 229.406352 F5-NAKARAT_4._DIZE-n2 
73.282177 73.421497 217.713918 E5-NAKARAT_4._DIZE-n3 
73.514376 73.793016 193.538732 D5-NAKARAT_4._DIZE-n4 
73.839456 73.978776 172.047985 C5-NAKARAT_4._DIZE-n5 
74.025215 74.071655 163.279005 B4-NAKARAT_4._DIZE-n6 
74.118095 74.628934 172.047985 C5-NAKARAT_4._DIZE-n7 
74.721814 74.954014 163.279005 B4-NAKARAT_4._DIZE-n8 
75.000454 75.139773 172.047985 C5-NAKARAT_4._DIZE-n9 
75.279093 75.464853 217.713918 E5-NAKARAT_4._DIZE-n10 
75.511293 75.557732 193.538732 D5-NAKARAT_4._DIZE-n11 
75.604172 75.697052 217.713918 E5-NAKARAT_4._DIZE-n12 
75.743492 76.207891 172.047985 C5-NAKARAT_4._DIZE-n13 
76.300771 76.486531 163.279005 B4-NAKARAT_4._DIZE-n14 
76.579410 76.811610 145.148330 A4-NAKARAT_4._DIZE-n15 
77.090249 77.461769 163.279005 B4-NAKARAT_5._DIZE-n1 
77.601088 78.204807 172.047985 C5-NAKARAT_5._DIZE-n2 
78.344127 78.483447 163.279005 B4-NAKARAT_5._DIZE-n3 
78.529887 78.622766 145.148330 A4-NAKARAT_5._DIZE-n4 
78.669206 78.715646 135.960574 G4#4-NAKARAT_5._DIZE-n5 
78.762086 79.087166 145.148330 A4-NAKARAT_5._DIZE-n6 
81.176961 81.269841 217.713918 E5-ARANAGME-n1 
81.409161 81.502041 241.726733 F5#4-ARANAGME-n2 
81.641361 81.734240 258.061810 G5-ARANAGME-n3 
81.780680 81.827120 241.726733 F5#4-ARANAGME-n4 
81.873560 81.966440 290.296661 A5-ARANAGME-n5 
82.012880 82.152200 258.061810 G5-ARANAGME-n6 
82.198639 82.384399 258.061810 G5-ARANAGME-n7 
82.430839 82.663039 241.726733 F5#4-ARANAGME-n8 
82.709478 82.709478 258.061810 G5-ARANAGME-n9 
82.755918 82.802358 305.887187 B5b5-ARANAGME-n10 
82.848798 82.895238 290.296661 A5-ARANAGME-n11 
82.941678 83.034558 258.061810 G5-ARANAGME-n12 
83.080998 83.313197 229.406352 F5-ARANAGME-n13 
83.359637 83.591837 229.406352 F5-ARANAGME-n14 
83.638277 83.731156 217.713918 E5-ARANAGME-n15 
83.777596 83.963356 229.406352 F5-ARANAGME-n16 
84.056236 84.056236 290.296661 A5-ARANAGME-n17 
84.149116 84.427755 258.061810 G5-ARANAGME-n18 
84.520635 84.752834 290.296661 A5-ARANAGME-n19 
84.799274 84.845714 258.061810 G5-ARANAGME-n20 
84.892154 84.985034 229.406352 F5-ARANAGME-n21 
85.031474 85.170794 217.713918 E5-ARANAGME-n22 
85.217234 85.356553 193.538732 D5-ARANAGME-n23 
85.449433 85.681633 193.538732 D5-ARANAGME-n24 
85.774512 85.913832 217.713918 E5-ARANAGME-n25 
86.006712 86.378231 193.538732 D5-ARANAGME-n26 
86.471111 86.610431 172.047985 C5-ARANAGME-n27 
86.889070 87.074830 163.279005 B4-ARANAGME-n28 
87.121270 87.307029 172.047985 C5-ARANAGME-n29 
87.353469 87.492789 172.047985 C5-ARANAGME-n30 
87.539229 87.678549 217.713918 E5-ARANAGME-n31 
87.724989 87.771429 193.538732 D5-ARANAGME-n32 
87.817868 88.189388 172.047985 C5-ARANAGME-n33 
88.282268 88.421587 163.279005 B4-ARANAGME-n34 
88.468027 88.607347 172.047985 C5-ARANAGME-n35 
88.653787 88.932426 193.538732 D5-ARANAGME-n36 
88.978866 89.582585 193.538732 D5-ARANAGME-n37 
89.675465 90.046984 217.713918 E5-ARANAGME-n38 
90.139864 90.372063 193.538732 D5-ARANAGME-n39 
90.464943 90.836463 172.047985 C5-ARANAGME-n40 
90.929342 91.300862 163.279005 B4-ARANAGME-n41 
91.393741 91.811701 145.148330 A4-ARANAGME-n42 
91.904580 92.647619 129.030905 G4-ARANAGME-n43 
92.740499 92.740499 129.030905 G4-ARANAGME-n44 
92.833379 93.204898 163.279005 B4-ARANAGME-n45 
93.297778 93.669297 172.047985 C5-ARANAGME-n46 
93.762177 94.040816 217.713918 E5-ARANAGME-n47 
94.133696 94.551655 193.538732 D5-ARANAGME-n48 
94.644535 94.783855 217.713918 E5-ARANAGME-n49 
94.830295 94.876735 172.047985 C5-ARANAGME-n50 
94.923175 95.016054 163.279005 B4-ARANAGME-n51 
95.062494 95.108934 145.148330 A4-ARANAGME-n52 
95.155374 95.387574 163.279005 B4-ARANAGME-n53 
95.480454 95.759093 172.047985 C5-ARANAGME-n54 
95.851973 95.759093 163.279005 B4-ARANAGME-n55 
95.851973 95.759093 145.148330 A4-ARANAGME-n56 
95.851973 95.759093 135.960574 G4#4-ARANAGME-n57 
95.851973 95.759093 145.148330 A4-ARANAGME-n58 
95.851973 95.851973 145.148330 A4-ARANAGME-n59 
96.595011 96.780771 229.406352 F5-KITA_1._DIZE-n1 
96.827211 97.012971 217.713918 E5-KITA_1._DIZE-n2 
97.059410 97.291610 203.932826 D5#4-KITA_1._DIZE-n3 
97.384490 97.477370 172.047985 C5-KITA_1._DIZE-n4 
97.523810 97.616689 163.279005 B4-KITA_1._DIZE-n5 
97.663129 98.173968 145.148330 A4-KITA_1._DIZE-n6 
98.359728 98.731247 217.713918 E5-KITA_1._DIZE-n7 
98.824127 99.242086 203.932826 D5#4-KITA_1._DIZE-n8 
99.334966 99.520726 217.713918 E5-KITA_1._DIZE-n9 
99.567166 99.752925 229.406352 F5-KITA_1._DIZE-n10 
99.799365 100.031565 229.406352 F5-KITA_1._DIZE-n11 
100.635283 101.006803 217.713918 E5-KITA_2._DIZE-n1 
101.099683 101.982041 203.932826 D5#4-KITA_2._DIZE-n2 
102.028481 102.214240 172.047985 C5-KITA_2._DIZE-n3 
102.400000 102.817959 163.279005 B4-KITA_2._DIZE-n4 
102.864399 103.096599 145.148330 A4-KITA_2._DIZE-n5 
103.189478 103.746757 135.960574 G4#4-KITA_2._DIZE-n6 
103.793197 103.978957 145.148330 A4-KITA_2._DIZE-n7 
104.118277 104.907755 163.279005 B4-KITA_2._DIZE-n8 
104.954195 104.954195 163.279005 B4-KITA_2._DIZE-n9 
105.186395 105.697234 217.713918 E5-KITA_3._DIZE-n1 
105.790113 105.882993 229.406352 F5-KITA_3._DIZE-n2 
105.975873 106.115193 217.713918 E5-KITA_3._DIZE-n3 
106.161633 106.486712 203.932826 D5#4-KITA_3._DIZE-n4 
106.579592 106.951111 172.047985 C5-KITA_3._DIZE-n5 
107.043991 107.554830 258.061810 G5-KITA_3._DIZE-n6 
107.601270 107.926349 258.061810 G5-KITA_3._DIZE-n7 
107.972789 108.112109 241.726733 F5#4-KITA_3._DIZE-n8 
108.158549 108.297868 258.061810 G5-KITA_3._DIZE-n9 
108.390748 108.576508 290.296661 A5-KITA_3._DIZE-n10 
108.622948 108.948027 217.713918 E5-KITA_3._DIZE-n11 
108.994467 109.087347 217.713918 E5-KITA_3._DIZE-n12 
109.783946 110.155465 217.713918 E5-NAKARAT_1._DIZE-n1 
110.248345 111.270023 290.296661 A5-NAKARAT_1._DIZE-n2 
111.316463 111.316463 271.921148 G5#4-NAKARAT_1._DIZE-n3 
111.362902 111.548662 229.406352 F5-NAKARAT_1._DIZE-n4 
111.641542 112.059501 217.713918 E5-NAKARAT_1._DIZE-n5 
112.105941 112.245261 203.932826 D5#4-NAKARAT_1._DIZE-n6 
112.338141 112.756100 217.713918 E5-NAKARAT_1._DIZE-n7 
112.848980 113.034739 229.406352 F5-NAKARAT_1._DIZE-n8 
113.127619 113.313379 217.713918 E5-NAKARAT_1._DIZE-n9 
113.359819 113.545578 217.713918 E5-NAKARAT_1._DIZE-n10 
113.592018 113.963537 203.932826 D5#4-NAKARAT_1._DIZE-n11 
114.056417 114.195737 172.047985 C5-NAKARAT_1._DIZE-n12 
114.474376 114.613696 203.932826 D5#4-NAKARAT_2._DIZE-n1 
114.660136 114.799456 217.713918 E5-NAKARAT_2._DIZE-n2 
114.892336 115.031655 229.406352 F5-NAKARAT_2._DIZE-n3 
115.124535 115.310295 217.713918 E5-NAKARAT_2._DIZE-n4 
115.403175 115.681814 271.921148 G5#4-NAKARAT_2._DIZE-n5 
115.774694 116.146213 229.406352 F5-NAKARAT_2._DIZE-n6 
116.192653 116.657052 229.406352 F5-NAKARAT_2._DIZE-n7 
116.703492 116.796372 229.406352 F5-NAKARAT_2._DIZE-n8 
116.889252 117.121451 217.713918 E5-NAKARAT_2._DIZE-n9 
117.167891 117.771610 217.713918 E5-NAKARAT_2._DIZE-n10 
117.864490 117.864490 203.932826 D5#4-NAKARAT_2._DIZE-n11 
117.910930 118.375329 217.713918 E5-NAKARAT_2._DIZE-n12 
118.421769 118.607528 172.047985 C5-NAKARAT_2._DIZE-n13 
118.932608 119.118367 203.932826 D5#4-NAKARAT_3._DIZE-n1 
119.211247 119.350567 217.713918 E5-NAKARAT_3._DIZE-n2 
119.443447 119.629206 229.406352 F5-NAKARAT_3._DIZE-n3 
119.675646 119.907846 217.713918 E5-NAKARAT_3._DIZE-n4 
120.000726 120.372245 203.932826 D5#4-NAKARAT_3._DIZE-n5 
120.418685 120.418685 172.047985 C5-NAKARAT_3._DIZE-n6 
120.465125 120.511565 203.932826 D5#4-NAKARAT_3._DIZE-n7 
120.558005 121.022404 217.713918 E5-NAKARAT_3._DIZE-n8 
121.161723 121.347483 203.932826 D5#4-NAKARAT_3._DIZE-n9 
121.440363 121.533243 217.713918 E5-NAKARAT_3._DIZE-n10 
121.626122 121.811882 229.406352 F5-NAKARAT_3._DIZE-n11 
121.904762 122.090522 217.713918 E5-NAKARAT_3._DIZE-n12 
122.136961 122.508481 203.932826 D5#4-NAKARAT_3._DIZE-n13 
122.554921 122.601361 172.047985 C5-NAKARAT_3._DIZE-n14 
122.647800 122.880000 163.279005 B4-NAKARAT_3._DIZE-n15 
122.972880 123.205079 145.148330 A4-NAKARAT_3._DIZE-n16 
123.623039 123.901678 193.538732 D5-NAKARAT_4._DIZE-n1 
123.948118 124.040998 229.406352 F5-NAKARAT_4._DIZE-n2 
124.087438 124.366077 217.713918 E5-NAKARAT_4._DIZE-n3 
124.458957 124.691156 193.538732 D5-NAKARAT_4._DIZE-n4 
124.737596 124.830476 172.047985 C5-NAKARAT_4._DIZE-n5 
124.876916 124.923356 163.279005 B4-NAKARAT_4._DIZE-n6 
124.969796 125.527075 172.047985 C5-NAKARAT_4._DIZE-n7 
125.573515 125.712834 163.279005 B4-NAKARAT_4._DIZE-n8 
125.759274 126.084354 172.047985 C5-NAKARAT_4._DIZE-n9 
126.130794 126.177234 217.713918 E5-NAKARAT_4._DIZE-n10 
126.223673 126.316553 193.538732 D5-NAKARAT_4._DIZE-n11 
126.362993 126.595193 217.713918 E5-NAKARAT_4._DIZE-n12 
126.688073 127.198912 172.047985 C5-NAKARAT_4._DIZE-n13 
127.291791 127.291791 163.279005 B4-NAKARAT_4._DIZE-n14 
127.338231 127.570431 145.148330 A4-NAKARAT_4._DIZE-n15 
127.802630 128.081270 163.279005 B4-NAKARAT_5._DIZE-n1 
128.220590 128.684989 172.047985 C5-NAKARAT_5._DIZE-n2 
128.731429 129.149388 163.279005 B4-NAKARAT_5._DIZE-n3 
129.195828 129.195828 145.148330 A4-NAKARAT_5._DIZE-n4 
129.242268 129.288707 135.960574 G4#4-NAKARAT_5._DIZE-n5 
129.335147 129.520907 145.148330 A4-NAKARAT_5._DIZE-n6 
131.842902 131.982222 217.713918 E5-ARANAGME-n1 
132.075102 132.167982 241.726733 F5#4-ARANAGME-n2 
132.214422 132.307302 258.061810 G5-ARANAGME-n3 
132.353741 132.539501 241.726733 F5#4-ARANAGME-n4 
132.585941 132.678821 290.296661 A5-ARANAGME-n5 
132.725261 132.911020 258.061810 G5-ARANAGME-n6 
132.957460 133.189660 258.061810 G5-ARANAGME-n7 
133.236100 133.282540 241.726733 F5#4-ARANAGME-n8 
133.328980 133.421859 258.061810 G5-ARANAGME-n9 
133.468299 133.514739 305.887187 B5b5-ARANAGME-n10 
133.654059 133.746939 290.296661 A5-ARANAGME-n11 
133.793379 133.839819 258.061810 G5-ARANAGME-n12 
133.886259 134.118458 229.406352 F5-ARANAGME-n13 
134.164898 134.443537 229.406352 F5-ARANAGME-n14 
134.489977 134.722177 217.713918 E5-ARANAGME-n15 
134.815057 134.861497 229.406352 F5-ARANAGME-n16 
134.907937 135.000816 290.296661 A5-ARANAGME-n17 
135.047256 135.093696 258.061810 G5-ARANAGME-n18 
135.140136 135.186576 290.296661 A5-ARANAGME-n19 
135.233016 135.465215 258.061810 G5-ARANAGME-n20 
135.511655 135.650975 229.406352 F5-ARANAGME-n21 
135.697415 135.697415 217.713918 E5-ARANAGME-n22 
135.743855 135.929615 193.538732 D5-ARANAGME-n23 
136.022494 136.115374 193.538732 D5-ARANAGME-n24 
136.208254 136.533333 217.713918 E5-ARANAGME-n25 
136.579773 136.719093 193.538732 D5-ARANAGME-n26 
136.811973 137.090612 172.047985 C5-ARANAGME-n27 
137.183492 137.555011 163.279005 B4-ARANAGME-n28 
137.647891 138.576689 172.047985 C5-ARANAGME-n29 
138.669569 139.459048 172.047985 C5-ARANAGME-n30 
139.551927 139.923447 217.713918 E5-ARANAGME-n31 
140.016327 140.294966 193.538732 D5-ARANAGME-n32 
140.387846 141.177324 172.047985 C5-ARANAGME-n33 
141.270204 141.270204 163.279005 B4-ARANAGME-n34 
141.316644 141.502404 172.047985 C5-ARANAGME-n35 
141.595283 142.199002 193.538732 D5-ARANAGME-n36 
142.291882 142.849161 193.538732 D5-ARANAGME-n37 
142.942041 143.174240 217.713918 E5-ARANAGME-n38 
143.267120 143.267120 193.538732 D5-ARANAGME-n39 
143.360000 143.499320 172.047985 C5-ARANAGME-n40 
143.592200 143.824399 163.279005 B4-ARANAGME-n41 
143.870839 144.010159 145.148330 A4-ARANAGME-n42 
144.103039 144.428118 129.030905 G4-ARANAGME-n43 
144.474558 144.613878 129.030905 G4-ARANAGME-n44 
144.660317 145.031837 163.279005 B4-ARANAGME-n45 
145.078277 145.264036 172.047985 C5-ARANAGME-n46 
145.356916 145.635556 217.713918 E5-ARANAGME-n47 
145.728435 145.914195 193.538732 D5-ARANAGME-n48 
145.960635 146.053515 217.713918 E5-ARANAGME-n49 
146.146395 146.053515 172.047985 C5-ARANAGME-n50 
146.146395 146.053515 163.279005 B4-ARANAGME-n51 
146.146395 146.053515 145.148330 A4-ARANAGME-n52 
146.146395 146.053515 163.279005 B4-ARANAGME-n53 
146.146395 146.053515 172.047985 C5-ARANAGME-n54 
146.146395 146.053515 163.279005 B4-ARANAGME-n55 
146.146395 146.053515 145.148330 A4-ARANAGME-n56 
146.146395 146.053515 135.960574 G4#4-ARANAGME-n57 
146.146395 146.053515 145.148330 A4-ARANAGME-n58 
146.146395 146.146395 145.148330 A4-ARANAGME-n59 
146.842993 147.028753 229.406352 F5-KITA_1._DIZE-n1 
147.075193 147.168073 217.713918 E5-KITA_1._DIZE-n2 
147.307392 147.678912 203.932826 D5#4-KITA_1._DIZE-n3 
147.725351 147.864671 172.047985 C5-KITA_1._DIZE-n4 
147.911111 148.003991 163.279005 B4-KITA_1._DIZE-n5 
148.050431 148.236190 145.148330 A4-KITA_1._DIZE-n6 
148.282630 148.979229 217.713918 E5-KITA_1._DIZE-n7 
149.025669 149.397188 203.932826 D5#4-KITA_1._DIZE-n8 
149.490068 149.675828 217.713918 E5-KITA_1._DIZE-n9 
149.768707 150.047347 229.406352 F5-KITA_1._DIZE-n10 
150.093787 150.325986 229.406352 F5-KITA_1._DIZE-n11 
150.790385 151.208345 217.713918 E5-KITA_2._DIZE-n1 
151.254785 151.997823 203.932826 D5#4-KITA_2._DIZE-n2 
152.044263 152.462222 172.047985 C5-KITA_2._DIZE-n3 
152.601542 153.112381 163.279005 B4-KITA_2._DIZE-n4 
153.158821 153.855420 145.148330 A4-KITA_2._DIZE-n5 
153.901859 153.901859 135.960574 G4#4-KITA_2._DIZE-n6 
153.948299 154.087619 145.148330 A4-KITA_2._DIZE-n7 
154.180499 154.412698 163.279005 B4-KITA_2._DIZE-n8 
154.459138 154.691338 163.279005 B4-KITA_2._DIZE-n9 
155.573696 155.945215 217.713918 E5-KITA_3._DIZE-n1 
155.991655 155.991655 229.406352 F5-KITA_3._DIZE-n2 
156.038095 156.084535 217.713918 E5-KITA_3._DIZE-n3 
156.130975 156.223855 203.932826 D5#4-KITA_3._DIZE-n4 
156.316735 156.827574 172.047985 C5-KITA_3._DIZE-n5 
157.106213 157.524172 258.061810 G5-KITA_3._DIZE-n6 
157.617052 157.942132 258.061810 G5-KITA_3._DIZE-n7 
157.988571 158.174331 241.726733 F5#4-KITA_3._DIZE-n8 
158.220771 158.313651 258.061810 G5-KITA_3._DIZE-n9 
158.406531 158.592290 290.296661 A5-KITA_3._DIZE-n10 
158.638730 159.010249 217.713918 E5-KITA_3._DIZE-n11 
159.056689 159.103129 217.713918 E5-KITA_3._DIZE-n12 
159.753288 160.264127 217.713918 E5-NAKARAT_1._DIZE-n1 
160.357007 161.007166 290.296661 A5-NAKARAT_1._DIZE-n2 
161.100045 161.332245 271.921148 G5#4-NAKARAT_1._DIZE-n3 
161.378685 161.843084 229.406352 F5-NAKARAT_1._DIZE-n4 
161.935964 161.935964 217.713918 E5-NAKARAT_1._DIZE-n5 
162.028844 162.121723 203.932826 D5#4-NAKARAT_1._DIZE-n6 
162.168163 162.586122 217.713918 E5-NAKARAT_1._DIZE-n7 
162.632562 162.957642 229.406352 F5-NAKARAT_1._DIZE-n8 
163.004082 163.189841 217.713918 E5-NAKARAT_1._DIZE-n9 
163.236281 163.468481 217.713918 E5-NAKARAT_1._DIZE-n10 
163.514921 163.700680 203.932826 D5#4-NAKARAT_1._DIZE-n11 
163.747120 163.979320 172.047985 C5-NAKARAT_1._DIZE-n12 
164.304399 164.397279 203.932826 D5#4-NAKARAT_2._DIZE-n1 
164.443719 164.722358 217.713918 E5-NAKARAT_2._DIZE-n2 
164.768798 164.861678 229.406352 F5-NAKARAT_2._DIZE-n3 
165.000998 165.000998 217.713918 E5-NAKARAT_2._DIZE-n4 
165.093878 165.465397 271.921148 G5#4-NAKARAT_2._DIZE-n5 
165.558277 165.976236 229.406352 F5-NAKARAT_2._DIZE-n6 
166.069116 166.487075 229.406352 F5-NAKARAT_2._DIZE-n7 
166.533515 166.626395 229.406352 F5-NAKARAT_2._DIZE-n8 
166.719274 167.276553 217.713918 E5-NAKARAT_2._DIZE-n9 
167.369433 167.369433 217.713918 E5-NAKARAT_2._DIZE-n10 
167.462313 167.555193 203.932826 D5#4-NAKARAT_2._DIZE-n11 
167.648073 168.066032 217.713918 E5-NAKARAT_2._DIZE-n12 
168.158912 168.344671 172.047985 C5-NAKARAT_2._DIZE-n13 
168.716190 168.901950 203.932826 D5#4-NAKARAT_3._DIZE-n1 
168.994830 169.134150 217.713918 E5-NAKARAT_3._DIZE-n2 
169.227029 169.459229 229.406352 F5-NAKARAT_3._DIZE-n3 
169.505669 169.552109 217.713918 E5-NAKARAT_3._DIZE-n4 
169.598549 169.830748 203.932826 D5#4-NAKARAT_3._DIZE-n5 
169.970068 170.248707 172.047985 C5-NAKARAT_3._DIZE-n6 
170.341587 170.388027 203.932826 D5#4-NAKARAT_3._DIZE-n7 
170.434467 170.713107 217.713918 E5-NAKARAT_3._DIZE-n8 
170.759546 170.945306 203.932826 D5#4-NAKARAT_3._DIZE-n9 
170.991746 171.316825 217.713918 E5-NAKARAT_3._DIZE-n10 
171.409705 171.641905 229.406352 F5-NAKARAT_3._DIZE-n11 
171.734785 171.874104 217.713918 E5-NAKARAT_3._DIZE-n12 
171.966984 172.059864 203.932826 D5#4-NAKARAT_3._DIZE-n13 
172.152744 172.477823 172.047985 C5-NAKARAT_3._DIZE-n14 
172.524263 172.524263 163.279005 B4-NAKARAT_3._DIZE-n15 
172.617143 172.849342 145.148330 A4-NAKARAT_3._DIZE-n16 
173.081542 173.360181 193.538732 D5-NAKARAT_4._DIZE-n1 
173.406621 173.685261 229.406352 F5-NAKARAT_4._DIZE-n2 
173.731701 173.871020 217.713918 E5-NAKARAT_4._DIZE-n3 
173.963900 174.335420 193.538732 D5-NAKARAT_4._DIZE-n4 
174.381859 174.428299 172.047985 C5-NAKARAT_4._DIZE-n5 
174.474739 174.660499 163.279005 B4-NAKARAT_4._DIZE-n6 
174.706939 175.078458 172.047985 C5-NAKARAT_4._DIZE-n7 
175.124898 175.264218 163.279005 B4-NAKARAT_4._DIZE-n8 
175.357098 175.542857 172.047985 C5-NAKARAT_4._DIZE-n9 
175.589297 175.821497 217.713918 E5-NAKARAT_4._DIZE-n10 
175.867937 175.914376 193.538732 D5-NAKARAT_4._DIZE-n11 
175.960816 176.053696 217.713918 E5-NAKARAT_4._DIZE-n12 
176.146576 176.982494 172.047985 C5-NAKARAT_4._DIZE-n13 
177.075374 177.075374 163.279005 B4-NAKARAT_4._DIZE-n14 
177.168254 177.214694 145.148330 A4-NAKARAT_4._DIZE-n15 
177.354014 177.539773 163.279005 B4-NAKARAT_5._DIZE-n1 
177.586213 178.097052 172.047985 C5-NAKARAT_5._DIZE-n2 
178.236372 178.561451 163.279005 B4-NAKARAT_5._DIZE-n3 
178.700771 178.979410 145.148330 A4-NAKARAT_5._DIZE-n4 
179.025850 179.072290 135.960574 G4#4-NAKARAT_5._DIZE-n5 
179.118730 179.490249 145.148330 A4-NAKARAT_5._DIZE-n6 
