123.948118 124.505397 292.822818 G5-1._HANE-n1 
124.551837 124.969796 274.287401 F5#4-1._HANE-n2 
125.016236 125.852154 247.040052 E5-1._HANE-n3 
125.945034 126.502313 219.608461 D5-1._HANE-n4 
126.548753 126.734512 247.040052 D5-1._HANE-n5 
126.780952 126.873832 219.608461 C5#4-1._HANE-n6 
126.966712 127.245351 205.707446 B4-1._HANE-n7 
127.338231 127.802630 185.272739 A4-1._HANE-n8 
127.895510 128.359909 164.699857 G4-1._HANE-n9 
128.452789 129.195828 146.411409 G5-1._HANE-n10 
129.242268 129.567347 292.822818 A5-1._HANE-n11 
129.660227 130.310385 329.399713 G5-1._HANE-n12 
130.356825 130.542585 292.822818 F5#4-1._HANE-n13 
130.635465 130.960544 274.287401 E5-1._HANE-n14 
131.006984 131.424943 247.040052 D5-1._HANE-n15 
131.517823 132.400181 219.608461 D5-1._HANE-n16 
132.446621 132.818141 219.608461 D5-1._HANE-n17 
132.911020 133.328980 219.608461 B4-1._HANE-n18 
133.375420 133.468299 185.272739 B4-1._HANE-n19 
133.514739 133.700499 185.272739 C5#4-1._HANE-n20 
133.746939 134.164898 205.707446 D5-1._HANE-n21 
134.257778 134.629297 219.608461 E5-1._HANE-n22 
134.722177 135.372336 247.040052 F5#4-1._HANE-n23 
135.418776 135.558095 274.287401 G5-1._HANE-n24 
135.604535 135.790295 292.822818 F5#4-1._HANE-n25 
135.836735 135.976054 274.287401 E5-1._HANE-n26 
136.068934 136.254694 247.040052 D5-1._HANE-n27 
136.301134 136.347574 219.608461 C5#4-1._HANE-n28 
136.440454 136.765533 205.707446 B4-1._HANE-n29 
136.811973 137.276372 185.272739 B4-1._HANE-n30 
137.322812 137.880091 185.272739 B4-1._HANE-n31 
137.972971 138.437370 185.272739 A4-1._HANE-n32 
138.483810 138.483810 164.699857 G4-1._HANE-n33 
138.576689 139.551927 146.411409 A4-1._HANE-n34 
139.598367 139.644807 164.699857 B4b5-1._HANE-n35 
139.691247 140.016327 173.545144 A4-1._HANE-n36 
140.062766 140.202086 164.699857 G4-1._HANE-n37 
140.294966 140.387846 146.411409 F4#4-1._HANE-n38 
140.434286 140.480726 137.143700 G4-1._HANE-n39 
140.527166 142.106122 146.411409 A4-1._HANE-n40 
142.199002 142.199002 164.699857 A4-1._HANE-n41 
142.245442 142.431202 137.143700 F4#4-TESLIM-n1 
142.524082 142.663401 146.411409 G4-TESLIM-n2 
142.756281 143.452880 164.699857 A4-TESLIM-n3 
143.545760 143.870839 182.865472 B4b1-TESLIM-n4 
143.917279 144.010159 195.222903 C5-TESLIM-n5 
144.103039 144.381678 182.865472 B4b1-TESLIM-n6 
144.428118 145.078277 164.699857 A4-TESLIM-n7 
145.124717 145.496236 182.865472 B4b1-TESLIM-n8 
145.589116 145.867755 164.699857 A4-TESLIM-n9 
145.914195 146.053515 146.411409 G4-TESLIM-n10 
146.099955 147.121633 164.699857 A4-TESLIM-n11 
147.168073 147.214512 182.865472 B4b1-TESLIM-n12 
147.260952 147.400272 164.699857 A4-TESLIM-n13 
147.446712 147.493152 146.411409 G4-TESLIM-n14 
147.539592 147.632472 137.143700 F4#4-TESLIM-n15 
147.678912 147.725351 123.520026 E4-TESLIM-n16 
147.771791 147.911111 109.804230 D4-TESLIM-n17 
147.957551 148.793469 182.865472 B4b1-TESLIM-n18 
148.886349 149.164989 164.699857 A4-TESLIM-n19 
149.304308 149.629388 146.411409 G4-TESLIM-n20 
149.722268 150.047347 146.411409 G4-TESLIM-n21 
150.140227 150.140227 146.411409 G4-TESLIM-n22 
150.743946 151.440544 146.411409 G4-2._HANE-n1 
151.486984 151.951383 137.143700 F4#4-2._HANE-n2 
152.044263 152.833741 146.411409 G4-2._HANE-n3 
152.926621 153.251701 182.865472 B4b1-2._HANE-n4 
153.344580 153.716100 195.222903 C5-2._HANE-n5 
153.762540 154.598458 219.608461 D5-2._HANE-n6 
154.691338 155.202177 219.608461 D5-2._HANE-n7 
155.295057 156.038095 292.822818 G5-2._HANE-n8 
156.084535 156.316735 274.287401 F5#4-2._HANE-n9 
156.409615 157.617052 292.822818 G5-2._HANE-n10 
157.709932 157.895692 329.399713 A5-2._HANE-n11 
157.942132 158.220771 347.090288 B5b5-2._HANE-n12 
158.267211 158.592290 329.399713 A5-2._HANE-n13 
158.638730 159.010249 292.822818 G5-2._HANE-n14 
159.149569 159.521088 274.287401 F5#4-2._HANE-n15 
159.613968 160.310567 292.822818 G5-2._HANE-n16 
160.496327 160.821406 347.090288 B5b5-2._HANE-n17 
160.914286 161.471565 329.399713 A5-2._HANE-n18 
161.564444 161.750204 292.822818 G5-2._HANE-n19 
161.796644 162.214603 274.287401 F5#4-2._HANE-n20 
162.307483 162.679002 234.448860 E5b4-2._HANE-n21 
162.725442 163.422041 219.608461 D5-2._HANE-n22 
163.468481 163.932880 219.608461 D5-2._HANE-n23 
164.025760 164.443719 219.608461 D5-2._HANE-n24 
164.536599 164.815238 195.222903 C5-2._HANE-n25 
164.861678 164.908118 219.608461 D5-2._HANE-n26 
164.954558 165.744036 231.402642 E5b5-2._HANE-n27 
165.836916 165.836916 219.608461 D5-2._HANE-n28 
165.883356 166.161995 195.222903 C5-2._HANE-n29 
166.254875 166.672834 173.545144 B4b5-2._HANE-n30 
166.765714 167.276553 164.699857 A4-2._HANE-n31 
167.369433 168.344671 146.411409 G4-2._HANE-n32 
168.437551 168.344671 146.411409 G4-2._HANE-n33 
168.437551 168.437551 146.411409 G4-2._HANE-n34 
168.994830 169.180590 137.143700 F4#4-TESLIM-n1 
169.273469 169.366349 146.411409 G4-TESLIM-n2 
169.459229 169.784308 164.699857 A4-TESLIM-n3 
169.877188 170.434467 182.865472 B4b1-TESLIM-n4 
170.527347 170.852426 195.222903 C5-TESLIM-n5 
170.945306 171.131066 182.865472 B4b1-TESLIM-n6 
171.177506 171.874104 164.699857 A4-TESLIM-n7 
171.920544 172.199184 182.865472 B4b1-TESLIM-n8 
172.245624 172.431383 164.699857 A4-TESLIM-n9 
172.477823 172.710023 146.411409 G4-TESLIM-n10 
172.756463 173.685261 164.699857 A4-TESLIM-n11 
173.731701 173.778141 182.865472 B4b1-TESLIM-n12 
173.824580 173.963900 164.699857 A4-TESLIM-n13 
174.056780 174.149660 146.411409 G4-TESLIM-n14 
174.242540 174.614059 137.143700 F4#4-TESLIM-n15 
174.706939 174.799819 123.520026 E4-TESLIM-n16 
174.846259 175.078458 109.804230 D4-TESLIM-n17 
175.124898 175.867937 182.865472 B4b1-TESLIM-n18 
175.914376 175.960816 164.699857 A4-TESLIM-n19 
176.007256 176.378776 146.411409 G4-TESLIM-n20 
176.471655 177.307574 146.411409 G4-TESLIM-n21 
177.354014 177.354014 146.411409 G4-TESLIM-n22 
177.864853 178.375692 292.822818 G5-3._HANE-n1 
178.422132 178.747211 329.399713 A5-3._HANE-n2 
178.840091 179.443810 292.822818 G5-3._HANE-n3 
179.490249 179.629569 274.287401 F5#4-3._HANE-n4 
179.676009 180.047528 247.040052 E5-3._HANE-n5 
180.093968 180.465488 219.608461 D5-3._HANE-n6 
180.511927 181.672925 195.222903 C5-3._HANE-n7 
181.719365 181.719365 182.865472 B4b1-3._HANE-n8 
181.812245 182.648163 164.699857 A4-3._HANE-n9 
182.694603 183.112562 247.040052 E5-3._HANE-n10 
183.159002 183.530522 219.608461 D5-3._HANE-n11 
183.623401 183.948481 195.222903 C5-3._HANE-n12 
183.994921 184.320000 182.865472 B4b1-3._HANE-n13 
184.412880 184.830839 164.699857 A4-3._HANE-n14 
184.923719 185.527438 146.411409 G4-3._HANE-n15 
185.573878 186.224036 146.411409 G4-3._HANE-n16 
186.270476 186.595556 146.411409 G4-3._HANE-n17 
186.641995 187.013515 164.699857 A4-3._HANE-n18 
187.059955 187.431474 182.865472 B4b1-3._HANE-n19 
187.524354 187.802993 195.222903 C5-3._HANE-n20 
187.895873 188.174512 219.608461 D5-3._HANE-n21 
188.220952 188.638912 247.040052 E5-3._HANE-n22 
188.731791 189.056871 274.287401 F5#4-3._HANE-n23 
189.149751 189.846349 292.822818 G5-3._HANE-n24 
189.939229 190.217868 274.287401 F5#4-3._HANE-n25 
190.310748 191.750385 292.822818 G5-3._HANE-n26 
191.796825 191.796825 365.730944 B5b1-3._HANE-n27 
191.843265 192.121905 329.399713 A5-3._HANE-n28 
192.168345 192.354104 292.822818 G5-3._HANE-n29 
192.400544 192.725624 274.287401 F5#4-3._HANE-n30 
192.772063 192.911383 329.399713 A5-3._HANE-n31 
192.957823 193.329342 292.822818 G5-3._HANE-n32 
193.375782 193.561542 292.822818 G5-3._HANE-n33 
193.607982 193.747302 292.822818 G5-3._HANE-n34 
194.908299 195.094059 137.143700 F4#4-TESLIM-n1 
195.140499 195.279819 146.411409 G4-TESLIM-n2 
195.326259 195.697778 164.699857 A4-TESLIM-n3 
195.744218 196.301497 182.865472 B4b1-TESLIM-n4 
196.347937 196.533696 195.222903 C5-TESLIM-n5 
196.580136 196.905215 182.865472 B4b1-TESLIM-n6 
196.951655 197.462494 164.699857 A4-TESLIM-n7 
197.508934 197.787574 182.865472 B4b1-TESLIM-n8 
197.834014 198.112653 164.699857 A4-TESLIM-n9 
198.205533 198.577052 146.411409 G4-TESLIM-n10 
198.623492 199.552290 164.699857 A4-TESLIM-n11 
199.598730 199.645170 182.865472 B4b1-TESLIM-n12 
199.691610 199.923810 164.699857 A4-TESLIM-n13 
199.970249 199.970249 146.411409 G4-TESLIM-n14 
200.063129 200.202449 137.143700 F4#4-TESLIM-n15 
200.295329 200.388209 123.520026 E4-TESLIM-n16 
200.434649 200.573968 109.804230 D4-TESLIM-n17 
200.620408 201.177687 182.865472 B4b1-TESLIM-n18 
201.270567 201.502766 164.699857 A4-TESLIM-n19 
201.595646 201.781406 146.411409 G4-TESLIM-n20 
201.827846 202.245805 146.411409 G4-TESLIM-n21 
202.292245 202.478005 146.411409 G4-TESLIM-n22 
203.499683 203.639002 292.822818 G5-4._HANE-n1 
203.685442 203.778322 292.822818 G5-4._HANE-n2 
203.824762 204.010522 365.730944 B5b1-4._HANE-n3 
204.103401 204.567800 329.399713 A5-4._HANE-n4 
204.614240 204.660680 329.399713 A5-4._HANE-n5 
204.753560 204.753560 292.822818 G5-4._HANE-n6 
204.846440 205.032200 329.399713 A5-4._HANE-n7 
205.125079 205.217959 182.865472 B4b1-4._HANE-n8 
205.264399 205.543039 182.865472 B4b1-4._HANE-n9 
205.589478 205.682358 195.222903 C5-4._HANE-n10 
205.728798 205.821678 219.608461 D5-4._HANE-n11 
205.868118 205.960998 247.040052 E5-4._HANE-n12 
206.053878 206.378957 247.040052 E5-4._HANE-n13 
206.471837 206.564717 274.287401 F5#4-4._HANE-n14 
206.611156 206.657596 292.822818 G5-4._HANE-n15 
206.704036 207.214875 365.730944 B5b1-4._HANE-n16 
207.307755 207.493515 365.730944 B5b1-4._HANE-n17 
207.539955 207.632834 390.445806 C6-4._HANE-n18 
207.679274 207.679274 365.730944 B5b1-4._HANE-n19 
207.772154 207.818594 390.445806 C6-4._HANE-n20 
207.911474 208.050794 365.730944 B5b1-4._HANE-n21 
208.143673 208.329433 329.399713 A5-4._HANE-n22 
208.422313 208.886712 274.287401 F5#4-4._HANE-n23 
208.933152 208.979592 274.287401 F5#4-4._HANE-n24 
209.072472 209.072472 247.040052 E5-4._HANE-n25 
209.165351 209.258231 219.608461 D5-4._HANE-n26 
209.304671 209.397551 365.730944 B5b1-4._HANE-n27 
209.443991 209.769070 365.730944 B5b1-4._HANE-n28 
209.815510 209.908390 329.399713 A5-4._HANE-n29 
210.001270 210.279909 292.822818 G5-4._HANE-n30 
210.372789 210.465669 219.608461 D5-4._HANE-n31 
210.512109 210.604989 219.608461 D5-4._HANE-n32 
210.651429 210.837188 292.822818 G5-4._HANE-n33 
210.930068 211.115828 274.287401 F5#4-4._HANE-n34 
211.208707 211.765986 329.399713 A5-4._HANE-n35 
211.858866 211.951746 292.822818 G5-4._HANE-n36 
211.998186 212.323265 292.822818 G5-4._HANE-n37 
212.416145 212.601905 274.287401 F5#4-4._HANE-n38 
212.648345 212.648345 247.040052 E5-4._HANE-n39 
212.694785 212.787664 219.608461 D5-4._HANE-n40 
212.834104 213.112744 219.608461 D5-4._HANE-n41 
213.205624 213.391383 195.222903 C5-4._HANE-n42 
213.437823 213.437823 182.865472 B4b1-4._HANE-n43 
213.484263 213.809342 182.865472 B4b1-4._HANE-n44 
213.855782 213.995102 182.865472 B4b1-4._HANE-n45 
214.041542 214.273741 164.699857 A4-4._HANE-n46 
214.320181 214.459501 146.411409 G4-4._HANE-n47 
214.505941 214.784580 146.411409 G4-4._HANE-n48 
214.877460 215.109660 247.040052 E5-4._HANE-n49 
215.202540 215.388299 219.608461 D5-4._HANE-n50 
215.481179 215.574059 195.222903 C5-4._HANE-n51 
215.666939 215.945578 182.865472 B4b1-4._HANE-n52 
216.038458 216.549297 164.699857 A4-4._HANE-n53 
216.595737 216.549297 146.411409 G4-4._HANE-n54 
216.595737 216.595737 NaN Rest-4._HANE-n55 
216.874376 217.153016 292.822818 G5-4._HANE-n1 
217.199456 217.524535 292.822818 G5-4._HANE-n2 
217.570975 217.663855 365.730944 B5b1-4._HANE-n3 
217.710295 217.896054 329.399713 A5-4._HANE-n4 
217.988934 218.221134 329.399713 A5-4._HANE-n5 
218.267574 218.406893 292.822818 G5-4._HANE-n6 
218.499773 218.778413 329.399713 A5-4._HANE-n7 
218.824853 218.917732 182.865472 B4b1-4._HANE-n8 
218.964172 219.057052 182.865472 B4b1-4._HANE-n9 
219.103492 219.149932 195.222903 C5-4._HANE-n10 
219.196372 219.196372 219.608461 D5-4._HANE-n11 
219.382132 219.614331 247.040052 E5-4._HANE-n12 
219.660771 220.032290 247.040052 E5-4._HANE-n13 
220.078730 220.078730 274.287401 F5#4-4._HANE-n14 
220.125170 220.125170 292.822818 G5-4._HANE-n15 
220.171610 220.496689 365.730944 B5b1-4._HANE-n16 
220.589569 220.914649 365.730944 B5b1-4._HANE-n17 
220.961088 220.961088 390.445806 C6-4._HANE-n18 
221.007528 221.100408 365.730944 B5b1-4._HANE-n19 
221.146848 221.239728 390.445806 C6-4._HANE-n20 
221.332608 221.611247 365.730944 B5b1-4._HANE-n21 
221.657687 221.750567 329.399713 A5-4._HANE-n22 
221.843447 222.168526 274.287401 F5#4-4._HANE-n23 
222.214966 222.354286 274.287401 F5#4-4._HANE-n24 
222.447166 222.725805 247.040052 E5-4._HANE-n25 
222.818685 223.004444 219.608461 D5-4._HANE-n26 
223.097324 223.190204 365.730944 B5b1-4._HANE-n27 
223.236644 223.375964 365.730944 B5b1-4._HANE-n28 
223.468844 223.654603 329.399713 A5-4._HANE-n29 
223.747483 223.793923 292.822818 G5-4._HANE-n30 
223.840363 223.933243 219.608461 D5-4._HANE-n31 
223.979683 224.072562 219.608461 D5-4._HANE-n32 
224.119002 224.211882 292.822818 G5-4._HANE-n33 
224.258322 224.490522 274.287401 F5#4-4._HANE-n34 
224.583401 225.001361 329.399713 A5-4._HANE-n35 
225.094240 225.280000 292.822818 G5-4._HANE-n36 
225.326440 225.651519 292.822818 G5-4._HANE-n37 
225.744399 225.930159 274.287401 F5#4-4._HANE-n38 
225.976599 225.976599 247.040052 E5-4._HANE-n39 
226.023039 226.766077 219.608461 D5-4._HANE-n40 
226.858957 226.858957 219.608461 D5-4._HANE-n41 
226.905397 226.905397 195.222903 C5-4._HANE-n42 
226.951837 226.998277 182.865472 B4b1-4._HANE-n43 
227.044717 227.276916 182.865472 B4b1-4._HANE-n44 
227.369796 227.462676 182.865472 B4b1-4._HANE-n45 
227.509116 227.601995 164.699857 A4-4._HANE-n46 
227.648435 227.834195 146.411409 G4-4._HANE-n47 
227.927075 228.437914 146.411409 G4-4._HANE-n48 
228.530794 228.623673 247.040052 E5-4._HANE-n49 
228.670113 229.227392 219.608461 D5-4._HANE-n50 
229.320272 229.320272 195.222903 C5-4._HANE-n51 
229.413152 229.691791 182.865472 B4b1-4._HANE-n52 
229.784671 230.759909 164.699857 A4-4._HANE-n53 
230.806349 230.759909 146.411409 G4-4._HANE-n54 
230.806349 230.806349 NaN Rest-4._HANE-n55 
232.153107 232.478186 137.143700 F4#4-TESLIM-n1 
232.524626 232.524626 146.411409 G4-TESLIM-n2 
232.617506 233.035465 164.699857 A4-TESLIM-n3 
233.128345 233.778503 182.865472 B4b1-TESLIM-n4 
233.824943 234.196463 195.222903 C5-TESLIM-n5 
234.289342 234.521542 182.865472 B4b1-TESLIM-n6 
234.614422 235.311020 164.699857 A4-TESLIM-n7 
235.357460 235.728980 182.865472 B4b1-TESLIM-n8 
235.775420 235.961179 164.699857 A4-TESLIM-n9 
236.054059 236.704218 146.411409 G4-TESLIM-n10 
236.750658 237.493696 164.699857 A4-TESLIM-n11 
237.586576 237.586576 182.865472 B4b1-TESLIM-n12 
237.633016 237.865215 164.699857 A4-TESLIM-n13 
237.911655 238.004535 146.411409 G4-TESLIM-n14 
238.050975 238.143855 137.143700 F4#4-TESLIM-n15 
238.190295 238.283175 123.520026 E4-TESLIM-n16 
238.329615 238.561814 109.804230 D4-TESLIM-n17 
238.608254 239.583492 182.865472 B4b1-TESLIM-n18 
239.676372 239.815692 164.699857 A4-TESLIM-n19 
239.908571 240.187211 146.411409 G4-TESLIM-n20 
240.280091 241.023129 146.411409 G4-TESLIM-n21 
241.069569 241.348209 146.411409 G4-TESLIM-n22 
