0.696599 0.789478 468.017020 C5-ARANAGME-n1 
0.882358 0.928798 438.391970 B4b1-ARANAGME-n2 
0.975238 1.021678 394.842689 A4-ARANAGME-n3 
1.114558 1.253878 350.998936 G4-ARANAGME-n4 
1.300317 1.300317 328.781024 F4#4-ARANAGME-n5 
1.393197 1.486077 296.120350 E4-ARANAGME-n6 
1.578957 2.089796 263.238831 D4-ARANAGME-n7 
2.136236 2.275556 350.998936 G4-ARANAGME-n8 
2.321995 2.368435 328.781024 F4#4-ARANAGME-n9 
2.414875 2.647075 350.998936 G4-ARANAGME-n10 
2.739955 4.086712 394.842689 A4-ARANAGME-n11 
4.179592 4.458231 350.998936 G4-ARANAGME-n12 
4.551111 4.643991 394.842689 A4-ARANAGME-n13 
4.690431 4.736871 438.391970 B4b1-ARANAGME-n14 
4.829751 6.176508 468.017020 C5-ARANAGME-n15 
6.222948 6.408707 438.391970 B4b1-ARANAGME-n16 
6.455147 6.548027 394.842689 A4-ARANAGME-n17 
6.594467 6.687347 350.998936 G4-ARANAGME-n18 
6.780227 8.405624 526.477661 D5-ARANAGME-n19 
8.452063 8.498503 468.017020 C5-ARANAGME-n20 
8.544943 8.637823 438.391970 B4b1-ARANAGME-n21 
8.730703 9.009342 394.842689 A4-ARANAGME-n22 
9.055782 9.055782 438.391970 B4b1-ARANAGME-n23 
9.102222 9.102222 468.017020 C5-ARANAGME-n24 
9.148662 9.148662 438.391970 B4b1-ARANAGME-n25 
9.195102 9.241542 394.842689 A4-ARANAGME-n26 
9.334422 9.473741 438.391970 B4b1-ARANAGME-n27 
9.566621 9.891701 468.017020 C5-ARANAGME-n28 
9.938141 9.984580 438.391970 B4b1-ARANAGME-n29 
10.077460 10.309660 394.842689 A4-ARANAGME-n30 
10.356100 10.402540 350.998936 G4-ARANAGME-n31 
10.448980 11.006259 328.781024 F4#4-ARANAGME-n32 
11.099138 11.099138 350.998936 G4-ARANAGME-n33 
11.192018 12.538776 394.842689 A4-ARANAGME-n34 
12.631655 12.631655 468.017020 C5-ARANAGME-n35 
12.724535 12.631655 438.391970 B4b1-ARANAGME-n36 
12.724535 12.631655 468.017020 C5-ARANAGME-n37 
12.724535 12.631655 394.842689 A4-ARANAGME-n38 
12.724535 12.724535 394.842689 A4-ARANAGME-n39 
12.770975 12.910295 468.017020 C5-ARANAGME-n1 
12.956735 13.049615 438.391970 B4b1-ARANAGME-n2 
13.142494 13.188934 394.842689 A4-ARANAGME-n3 
13.281814 13.328254 350.998936 G4-ARANAGME-n4 
13.421134 13.467574 328.781024 F4#4-ARANAGME-n5 
13.560454 13.606893 296.120350 E4-ARANAGME-n6 
13.699773 14.024853 263.238831 D4-ARANAGME-n7 
14.117732 14.442812 350.998936 G4-ARANAGME-n8 
14.489252 14.535692 328.781024 F4#4-ARANAGME-n9 
14.582132 14.675011 350.998936 G4-ARANAGME-n10 
14.767891 16.300408 394.842689 A4-ARANAGME-n11 
16.346848 16.393288 350.998936 G4-ARANAGME-n12 
16.439728 16.532608 394.842689 A4-ARANAGME-n13 
16.579048 16.718367 438.391970 B4b1-ARANAGME-n14 
16.811247 18.297324 468.017020 C5-ARANAGME-n15 
18.343764 18.390204 438.391970 B4b1-ARANAGME-n16 
18.436644 18.529524 394.842689 A4-ARANAGME-n17 
18.575964 18.668844 350.998936 G4-ARANAGME-n18 
18.761723 20.062041 526.477661 D5-ARANAGME-n19 
20.154921 20.433560 468.017020 C5-ARANAGME-n20 
20.480000 20.526440 438.391970 B4b1-ARANAGME-n21 
20.572880 20.851519 394.842689 A4-ARANAGME-n22 
20.944399 20.990839 438.391970 B4b1-ARANAGME-n23 
21.037279 21.037279 468.017020 C5-ARANAGME-n24 
21.083719 21.083719 438.391970 B4b1-ARANAGME-n25 
21.130159 21.269478 394.842689 A4-ARANAGME-n26 
21.362358 21.455238 438.391970 B4b1-ARANAGME-n27 
21.548118 21.919637 468.017020 C5-ARANAGME-n28 
21.966077 22.244717 438.391970 B4b1-ARANAGME-n29 
22.337596 22.430476 394.842689 A4-ARANAGME-n30 
22.476916 22.709116 350.998936 G4-ARANAGME-n31 
22.755556 23.034195 328.781024 F4#4-ARANAGME-n32 
23.127075 23.498594 350.998936 G4-ARANAGME-n33 
23.591474 24.613152 394.842689 A4-ARANAGME-n34 
24.706032 24.613152 468.017020 C5-ARANAGME-n35 
24.706032 24.613152 438.391970 B4b1-ARANAGME-n36 
24.706032 24.613152 468.017020 C5-ARANAGME-n37 
24.706032 24.613152 394.842689 A4-ARANAGME-n38 
24.706032 24.706032 394.842689 A4-ARANAGME-n39 
25.309751 25.216871 350.998936 G4-ZEMIN-n1 
25.309751 25.309751 350.998936 G4-ZEMIN-n2 
25.402630 25.774150 394.842689 A4-ZEMIN-n3 
25.820590 26.517188 394.842689 A4-ZEMIN-n4 
26.563628 27.306667 394.842689 A4-ZEMIN-n5 
27.353107 27.631746 394.842689 A4-ZEMIN-n6 
27.724626 27.817506 468.017020 C5-ZEMIN-n7 
27.863946 27.910385 438.391970 B4b1-ZEMIN-n8 
27.956825 28.189025 394.842689 A4-ZEMIN-n9 
28.281905 28.467664 394.842689 A4-ZEMIN-n10 
28.514104 28.514104 350.998936 G4-ZEMIN-n11 
28.560544 28.560544 394.842689 A4-ZEMIN-n12 
28.606984 28.606984 438.391970 B4b1-ZEMIN-n13 
28.653424 28.746304 394.842689 A4-ZEMIN-n14 
28.792744 28.792744 350.998936 G4-ZEMIN-n15 
28.978503 29.071383 328.781024 F4#4-ZEMIN-n16 
29.164263 29.210703 296.120350 E4-ZEMIN-n17 
29.257143 29.257143 263.238831 D4-ZEMIN-n18 
29.489342 30.000181 350.998936 G4-ZEMIN2-n1 
30.185941 30.185941 350.998936 G4-ZEMIN2-n2 
30.232381 30.278821 394.842689 A4-ZEMIN2-n3 
30.325261 30.789660 394.842689 A4-ZEMIN2-n4 
30.882540 31.625578 394.842689 A4-ZEMIN2-n5 
31.718458 31.997098 350.998936 G4-ZEMIN2-n6 
32.089977 32.461497 468.017020 C5-ZEMIN2-n7 
32.554376 32.600816 438.391970 B4b1-ZEMIN2-n8 
32.647256 32.833016 438.391970 B4b1-ZEMIN2-n9 
32.879456 32.972336 394.842689 A4-ZEMIN2-n10 
33.065215 33.668934 438.391970 B4b1-ZEMIN2-n11 
33.994014 33.994014 438.391970 B4b1-NAKARAT-n1 
34.086893 34.319093 350.998936 G4-NAKARAT-n2 
34.411973 34.504853 350.998936 G4-NAKARAT-n3 
34.597732 34.922812 350.998936 G4-NAKARAT-n4 
34.969252 35.758730 468.017020 C5-NAKARAT-n5 
35.805170 35.990930 468.017020 C5-NAKARAT-n6 
36.037370 36.316009 438.391970 B4b1-NAKARAT-n7 
36.408889 36.594649 394.842689 A4-NAKARAT-n8 
36.641088 36.780408 350.998936 G4-NAKARAT-n9 
36.873288 37.569887 526.477661 D5-NAKARAT-n10 
38.220045 38.498685 526.477661 D5-NAKARAT2-n1 
38.591565 38.684444 468.017020 C5-NAKARAT2-n2 
38.730884 38.916644 468.017020 C5-NAKARAT2-n3 
38.963084 39.288163 438.391970 B4b1-NAKARAT2-n4 
39.381043 39.613243 394.842689 A4-NAKARAT2-n5 
39.659683 39.799002 394.842689 A4-NAKARAT2-n6 
39.845442 39.984762 438.391970 B4b1-NAKARAT2-n7 
40.031202 40.309841 468.017020 C5-NAKARAT2-n8 
40.402721 40.542041 438.391970 B4b1-NAKARAT2-n9 
40.588481 40.727800 394.842689 A4-NAKARAT2-n10 
40.774240 40.913560 350.998936 G4-NAKARAT2-n11 
41.006440 41.192200 438.391970 B4b1-NAKARAT2-n12 
41.238639 41.238639 394.842689 A4-NAKARAT2-n13 
41.331519 41.795918 394.842689 A4-NAKARAT2-n14 
41.888798 41.981678 592.240700 E5-NAKARAT2-n15 
42.028118 42.028118 624.047280 F5-NAKARAT2-n16 
42.074558 42.353197 592.240700 E5-NAKARAT2-n17 
42.446077 42.353197 526.477661 D5-NAKARAT2-n18 
42.446077 42.353197 468.017020 C5-NAKARAT2-n19 
42.446077 42.446077 526.477661 D5-NAKARAT2-n20 
42.631837 42.864036 592.240700 E5-MEYAN-n1 
42.956916 43.142676 468.017020 C5-MEYAN-n2 
43.189116 43.281995 526.477661 D5-MEYAN-n3 
43.328435 43.607075 592.240700 E5-MEYAN-n4 
43.699955 44.350113 592.240700 E5-MEYAN-n5 
44.442993 44.628753 526.477661 D5-MEYAN-n6 
44.675193 44.860952 592.240700 E5-MEYAN-n7 
44.953832 45.093152 624.047280 F5-MEYAN-n8 
45.139592 45.139592 701.997872 G5-MEYAN-n9 
45.186032 45.371791 592.240700 E5-MEYAN-n10 
45.418231 45.464671 526.477661 D5-MEYAN-n11 
45.511111 45.696871 526.477661 D5-MEYAN-n12 
45.789751 45.975510 592.240700 E5-MEYAN-n13 
46.021950 46.114830 526.477661 D5-MEYAN-n14 
46.207710 46.857868 526.477661 D5-MEYAN-n15 
46.997188 47.275828 526.477661 D5-MEYAN2-n1 
47.322268 47.415147 468.017020 C5-MEYAN2-n2 
47.600907 47.786667 526.477661 D5-MEYAN2-n3 
47.879546 47.972426 592.240700 E5-MEYAN2-n4 
48.018866 48.251066 624.047280 F5-MEYAN2-n5 
48.297506 48.297506 789.685378 A5-MEYAN2-n6 
48.390385 48.529705 701.997872 G5-MEYAN2-n7 
48.576145 48.669025 624.047280 F5-MEYAN2-n8 
48.715465 48.761905 592.240700 E5-MEYAN2-n9 
48.854785 49.040544 592.240700 E5-MEYAN2-n10 
49.086984 49.504943 526.477661 D5-MEYAN2-n11 
49.597823 49.597823 526.477661 D5-MEYAN2-n12 
49.644263 49.783583 468.017020 C5-MEYAN2-n13 
49.876463 50.201542 468.017020 C5-MEYAN2-n14 
50.247982 50.340862 438.391970 B4b1-MEYAN2-n15 
50.387302 50.526621 394.842689 A4-MEYAN2-n16 
50.573061 50.991020 438.391970 B4b1-MEYAN2-n17 
51.269660 51.362540 438.391970 B4b1-NAKARAT-n1 
51.780499 52.152018 350.998936 G4-NAKARAT-n2 
52.198458 52.709297 350.998936 G4-NAKARAT-n3 
52.802177 52.802177 350.998936 G4-NAKARAT-n4 
52.895057 53.313016 468.017020 C5-NAKARAT-n5 
53.405896 53.498776 468.017020 C5-NAKARAT-n6 
53.591655 53.963175 438.391970 B4b1-NAKARAT-n7 
54.056054 54.148934 394.842689 A4-NAKARAT-n8 
54.195374 54.381134 350.998936 G4-NAKARAT-n9 
54.474014 55.077732 526.477661 D5-NAKARAT-n10 
55.635011 55.681451 526.477661 D5-NAKARAT2*-n1 
56.192290 56.238730 468.017020 C5-NAKARAT2*-n2 
56.285170 56.331610 468.017020 C5-NAKARAT2*-n3 
56.378050 56.656689 438.391970 B4b1-NAKARAT2*-n4 
56.749569 56.981769 394.842689 A4-NAKARAT2*-n5 
57.074649 57.213968 394.842689 A4-NAKARAT2*-n6 
57.306848 57.492608 438.391970 B4b1-NAKARAT2*-n7 
57.585488 57.724807 468.017020 C5-NAKARAT2*-n8 
57.771247 58.235646 438.391970 B4b1-NAKARAT2*-n9 
58.282086 58.282086 394.842689 A4-NAKARAT2*-n10 
58.328526 58.374966 350.998936 G4-NAKARAT2*-n11 
58.421406 58.514286 438.391970 B4b1-NAKARAT2*-n12 
58.560726 58.560726 394.842689 A4-NAKARAT2*-n13 
58.653605 59.303764 394.842689 A4-NAKARAT2*-n14 
60.000363 60.093243 468.017020 C5-ARANAGME-n1 
60.139683 60.232562 438.391970 B4b1-ARANAGME-n2 
60.325442 60.371882 394.842689 A4-ARANAGME-n3 
60.511202 60.604082 350.998936 G4-ARANAGME-n4 
60.650522 60.650522 328.781024 F4#4-ARANAGME-n5 
60.696961 60.743401 296.120350 E4-ARANAGME-n6 
60.836281 61.486440 263.238831 D4-ARANAGME-n7 
61.579320 61.625760 350.998936 G4-ARANAGME-n8 
61.672200 61.811519 328.781024 F4#4-ARANAGME-n9 
61.904399 62.043719 350.998936 G4-ARANAGME-n10 
62.136599 63.251156 394.842689 A4-ARANAGME-n11 
63.297596 63.669116 350.998936 G4-ARANAGME-n12 
63.761995 63.994195 394.842689 A4-ARANAGME-n13 
64.040635 64.133515 438.391970 B4b1-ARANAGME-n14 
64.179955 65.526712 468.017020 C5-ARANAGME-n15 
65.573152 65.712472 438.391970 B4b1-ARANAGME-n16 
65.758912 65.898231 394.842689 A4-ARANAGME-n17 
66.037551 66.130431 350.998936 G4-ARANAGME-n18 
66.223311 67.802268 526.477661 D5-ARANAGME-n19 
67.848707 68.080907 468.017020 C5-ARANAGME-n20 
68.173787 68.545306 438.391970 B4b1-ARANAGME-n21 
68.638186 68.777506 394.842689 A4-ARANAGME-n22 
68.870385 69.056145 438.391970 B4b1-ARANAGME-n23 
69.149025 69.241905 468.017020 C5-ARANAGME-n24 
69.288345 69.288345 438.391970 B4b1-ARANAGME-n25 
69.381224 69.427664 394.842689 A4-ARANAGME-n26 
69.474104 69.613424 438.391970 B4b1-ARANAGME-n27 
69.706304 70.170703 468.017020 C5-ARANAGME-n28 
70.263583 70.310023 438.391970 B4b1-ARANAGME-n29 
70.356463 70.727982 394.842689 A4-ARANAGME-n30 
70.774422 70.820862 350.998936 G4-ARANAGME-n31 
70.867302 71.099501 328.781024 F4#4-ARANAGME-n32 
71.145941 71.145941 350.998936 G4-ARANAGME-n33 
71.238821 72.353379 394.842689 A4-ARANAGME-n34 
72.399819 72.353379 468.017020 C5-ARANAGME-n35 
72.399819 72.353379 438.391970 B4b1-ARANAGME-n36 
72.399819 72.353379 468.017020 C5-ARANAGME-n37 
72.399819 72.353379 394.842689 A4-ARANAGME-n38 
72.399819 72.399819 394.842689 A4-ARANAGME-n39 
72.585578 72.632018 468.017020 C5-ARANAGME-n1 
72.678458 72.724898 438.391970 B4b1-ARANAGME-n2 
72.864218 72.910658 394.842689 A4-ARANAGME-n3 
72.957098 72.957098 350.998936 G4-ARANAGME-n4 
73.003537 73.189297 328.781024 F4#4-ARANAGME-n5 
73.282177 73.375057 296.120350 E4-ARANAGME-n6 
73.421497 73.839456 263.238831 D4-ARANAGME-n7 
73.932336 74.071655 350.998936 G4-ARANAGME-n8 
74.164535 74.303855 328.781024 F4#4-ARANAGME-n9 
74.396735 75.836372 350.998936 G4-ARANAGME-n10 
75.882812 76.068571 394.842689 A4-ARANAGME-n11 
76.161451 76.161451 350.998936 G4-ARANAGME-n12 
76.254331 76.486531 394.842689 A4-ARANAGME-n13 
76.579410 76.718730 438.391970 B4b1-ARANAGME-n14 
76.765170 78.019048 468.017020 C5-ARANAGME-n15 
78.111927 78.483447 438.391970 B4b1-ARANAGME-n16 
78.529887 78.529887 394.842689 A4-ARANAGME-n17 
78.576327 78.715646 350.998936 G4-ARANAGME-n18 
78.808526 80.526803 526.477661 D5-ARANAGME-n19 
80.619683 80.619683 468.017020 C5-ARANAGME-n20 
80.666122 80.712562 438.391970 B4b1-ARANAGME-n21 
80.805442 81.084082 394.842689 A4-ARANAGME-n22 
81.130522 81.130522 438.391970 B4b1-ARANAGME-n23 
81.176961 81.223401 468.017020 C5-ARANAGME-n24 
81.269841 81.269841 438.391970 B4b1-ARANAGME-n25 
81.316281 81.316281 394.842689 A4-ARANAGME-n26 
81.409161 81.641361 438.391970 B4b1-ARANAGME-n27 
81.687800 81.920000 468.017020 C5-ARANAGME-n28 
81.966440 82.012880 438.391970 B4b1-ARANAGME-n29 
82.198639 82.337959 394.842689 A4-ARANAGME-n30 
82.430839 82.663039 350.998936 G4-ARANAGME-n31 
82.755918 82.802358 328.781024 F4#4-ARANAGME-n32 
82.848798 83.080998 350.998936 G4-ARANAGME-n33 
83.173878 83.916916 394.842689 A4-ARANAGME-n34 
84.009796 84.195556 468.017020 C5-ARANAGME-n35 
84.241995 84.334875 438.391970 B4b1-ARANAGME-n36 
84.381315 84.427755 468.017020 C5-ARANAGME-n37 
84.567075 84.799274 394.842689 A4-ARANAGME-n38 
84.845714 84.845714 394.842689 A4-ARANAGME-n39 
85.635193 85.542313 350.998936 G4-ZEMIN-n1 
85.635193 85.635193 350.998936 G4-ZEMIN-n2 
85.820952 86.053152 394.842689 A4-ZEMIN-n3 
86.146032 86.935510 394.842689 A4-ZEMIN-n4 
86.981950 87.678549 394.842689 A4-ZEMIN-n5 
87.724989 87.864308 394.842689 A4-ZEMIN-n6 
87.957188 88.189388 468.017020 C5-ZEMIN-n7 
88.282268 88.375147 438.391970 B4b1-ZEMIN-n8 
88.421587 88.560907 394.842689 A4-ZEMIN-n9 
88.607347 88.607347 394.842689 A4-ZEMIN-n10 
88.653787 88.653787 350.998936 G4-ZEMIN-n11 
88.700227 88.746667 394.842689 A4-ZEMIN-n12 
88.793107 88.793107 438.391970 B4b1-ZEMIN-n13 
88.839546 88.885986 394.842689 A4-ZEMIN-n14 
88.932426 89.025306 350.998936 G4-ZEMIN-n15 
89.071746 89.071746 328.781024 F4#4-ZEMIN-n16 
89.118186 89.164626 296.120350 E4-ZEMIN-n17 
89.257506 89.350385 263.238831 D4-ZEMIN-n18 
90.000544 90.093424 350.998936 G4-ZEMIN2-n1 
90.139864 90.557823 350.998936 G4-ZEMIN2-n2 
90.650703 90.882902 394.842689 A4-ZEMIN2-n3 
90.975782 91.393741 394.842689 A4-ZEMIN2-n4 
91.440181 92.136780 394.842689 A4-ZEMIN2-n5 
92.229660 92.601179 350.998936 G4-ZEMIN2-n6 
92.694059 93.158458 468.017020 C5-ZEMIN2-n7 
93.251338 93.576417 438.391970 B4b1-ZEMIN2-n8 
93.669297 94.087256 438.391970 B4b1-ZEMIN2-n9 
94.180136 94.087256 394.842689 A4-ZEMIN2-n10 
94.180136 94.180136 438.391970 B4b1-ZEMIN2-n11 
94.412336 94.690975 438.391970 B4b1-NAKARAT-n1 
94.737415 95.062494 350.998936 G4-NAKARAT-n2 
95.155374 95.248254 350.998936 G4-NAKARAT-n3 
95.341134 95.851973 350.998936 G4-NAKARAT-n4 
95.898413 96.223492 468.017020 C5-NAKARAT-n5 
96.269932 96.362812 468.017020 C5-NAKARAT-n6 
96.455692 96.966531 438.391970 B4b1-NAKARAT-n7 
97.059410 97.105850 394.842689 A4-NAKARAT-n8 
97.152290 97.384490 350.998936 G4-NAKARAT-n9 
97.430930 98.638367 526.477661 D5-NAKARAT-n10 
98.777687 99.102766 526.477661 D5-NAKARAT2-n1 
99.195646 99.334966 468.017020 C5-NAKARAT2-n2 
99.381406 99.474286 468.017020 C5-NAKARAT2-n3 
99.520726 99.706485 438.391970 B4b1-NAKARAT2-n4 
99.799365 100.031565 394.842689 A4-NAKARAT2-n5 
100.078005 100.310204 394.842689 A4-NAKARAT2-n6 
100.403084 100.588844 438.391970 B4b1-NAKARAT2-n7 
100.635283 100.960363 468.017020 C5-NAKARAT2-n8 
101.053243 101.192562 438.391970 B4b1-NAKARAT2-n9 
101.239002 101.331882 394.842689 A4-NAKARAT2-n10 
101.378322 101.517642 350.998936 G4-NAKARAT2-n11 
101.610522 101.842721 438.391970 B4b1-NAKARAT2-n12 
101.935601 101.935601 394.842689 A4-NAKARAT2-n13 
101.982041 102.446440 394.842689 A4-NAKARAT2-n14 
102.492880 102.539320 592.240700 E5-NAKARAT2-n15 
102.632200 102.632200 624.047280 F5-NAKARAT2-n16 
102.678639 102.678639 592.240700 E5-NAKARAT2-n17 
102.771519 102.817959 526.477661 D5-NAKARAT2-n18 
102.864399 102.910839 468.017020 C5-NAKARAT2-n19 
102.957279 102.957279 526.477661 D5-NAKARAT2-n20 
103.096599 103.468118 592.240700 E5-MEYAN-n1 
103.560998 103.886077 468.017020 C5-MEYAN-n2 
103.932517 104.071837 526.477661 D5-MEYAN-n3 
104.164717 104.536236 592.240700 E5-MEYAN-n4 
104.629116 105.372154 592.240700 E5-MEYAN-n5 
105.465034 105.465034 526.477661 D5-MEYAN-n6 
105.511474 105.697234 592.240700 E5-MEYAN-n7 
105.790113 105.882993 624.047280 F5-MEYAN-n8 
105.929433 105.975873 701.997872 G5-MEYAN-n9 
106.068753 106.161633 592.240700 E5-MEYAN-n10 
106.208073 106.254512 526.477661 D5-MEYAN-n11 
106.300952 106.486712 526.477661 D5-MEYAN-n12 
106.579592 106.811791 592.240700 E5-MEYAN-n13 
106.904671 106.904671 526.477661 D5-MEYAN-n14 
106.951111 107.276190 526.477661 D5-MEYAN-n15 
107.601270 107.972789 526.477661 D5-MEYAN2-n1 
108.065669 108.297868 468.017020 C5-MEYAN2-n2 
108.344308 108.530068 526.477661 D5-MEYAN2-n3 
108.622948 108.808707 592.240700 E5-MEYAN2-n4 
108.901587 109.087347 624.047280 F5-MEYAN2-n5 
109.133787 109.133787 789.685378 A5-MEYAN2-n6 
109.180227 109.412426 701.997872 G5-MEYAN2-n7 
109.505306 109.505306 624.047280 F5-MEYAN2-n8 
109.551746 109.551746 592.240700 E5-MEYAN2-n9 
109.598186 109.644626 592.240700 E5-MEYAN2-n10 
109.691066 110.062585 526.477661 D5-MEYAN2-n11 
110.155465 110.898503 526.477661 D5-MEYAN2-n12 
110.944943 111.130703 468.017020 C5-MEYAN2-n13 
111.177143 111.502222 468.017020 C5-MEYAN2-n14 
111.595102 111.780862 438.391970 B4b1-MEYAN2-n15 
111.827302 111.827302 394.842689 A4-MEYAN2-n16 
111.873741 112.059501 438.391970 B4b1-MEYAN2-n17 
112.105941 112.431020 438.391970 B4b1-NAKARAT-n1 
112.616780 112.848980 350.998936 G4-NAKARAT-n2 
112.895420 113.592018 350.998936 G4-NAKARAT-n3 
113.684898 113.684898 350.998936 G4-NAKARAT-n4 
113.777778 114.102857 468.017020 C5-NAKARAT-n5 
114.149297 114.520816 468.017020 C5-NAKARAT-n6 
114.567256 114.567256 438.391970 B4b1-NAKARAT-n7 
114.613696 114.613696 394.842689 A4-NAKARAT-n8 
114.799456 115.170975 350.998936 G4-NAKARAT-n9 
115.217415 115.821134 526.477661 D5-NAKARAT-n10 
116.564172 117.260771 526.477661 D5-NAKARAT2*-n1 
117.307211 117.400091 468.017020 C5-NAKARAT2*-n2 
117.446531 117.539410 468.017020 C5-NAKARAT2*-n3 
117.585850 117.725170 438.391970 B4b1-NAKARAT2*-n4 
117.771610 118.003810 394.842689 A4-NAKARAT2*-n5 
118.050249 118.236009 394.842689 A4-NAKARAT2*-n6 
118.328889 118.514649 438.391970 B4b1-NAKARAT2*-n7 
118.607528 119.164807 468.017020 C5-NAKARAT2*-n8 
119.257687 119.257687 438.391970 B4b1-NAKARAT2*-n9 
119.304127 119.304127 394.842689 A4-NAKARAT2*-n10 
119.350567 119.443447 350.998936 G4-NAKARAT2*-n11 
119.536327 119.722086 438.391970 B4b1-NAKARAT2*-n12 
119.768526 119.768526 394.842689 A4-NAKARAT2*-n13 
119.814966 120.325805 394.842689 A4-NAKARAT2*-n14 
188.406712 188.638912 438.391970 B4b1-NAKARAT-n1 
188.731791 188.963991 350.998936 G4-NAKARAT-n2 
189.056871 189.149751 350.998936 G4-NAKARAT-n3 
189.242630 189.614150 350.998936 G4-NAKARAT-n4 
189.707029 190.124989 468.017020 C5-NAKARAT-n5 
190.171429 190.310748 468.017020 C5-NAKARAT-n6 
190.357188 190.496508 438.391970 B4b1-NAKARAT-n7 
190.589388 190.682268 394.842689 A4-NAKARAT-n8 
190.728707 191.053787 350.998936 G4-NAKARAT-n9 
191.146667 191.936145 526.477661 D5-NAKARAT-n10 
192.400544 192.772063 526.477661 D5-NAKARAT2-n1 
192.864943 192.957823 468.017020 C5-NAKARAT2-n2 
193.004263 193.050703 468.017020 C5-NAKARAT2-n3 
193.097143 193.422222 438.391970 B4b1-NAKARAT2-n4 
193.515102 193.700862 394.842689 A4-NAKARAT2-n5 
193.747302 193.933061 394.842689 A4-NAKARAT2-n6 
194.025941 194.258141 438.391970 B4b1-NAKARAT2-n7 
194.304580 194.490340 468.017020 C5-NAKARAT2-n8 
194.583220 194.768980 438.391970 B4b1-NAKARAT2-n9 
194.861859 194.954739 394.842689 A4-NAKARAT2-n10 
195.001179 195.140499 350.998936 G4-NAKARAT2-n11 
195.233379 195.419138 438.391970 B4b1-NAKARAT2-n12 
195.465578 195.558458 394.842689 A4-NAKARAT2-n13 
195.651338 196.440816 394.842689 A4-NAKARAT2-n14 
196.533696 196.440816 592.240700 E5-NAKARAT2-n15 
196.533696 196.440816 624.047280 F5-NAKARAT2-n16 
196.533696 196.440816 592.240700 E5-NAKARAT2-n17 
196.533696 196.440816 526.477661 D5-NAKARAT2-n18 
196.533696 196.440816 468.017020 C5-NAKARAT2-n19 
196.533696 196.533696 526.477661 D5-NAKARAT2-n20 
196.719456 196.951655 592.240700 E5-MEYAN-n1 
197.044535 197.230295 468.017020 C5-MEYAN-n2 
197.323175 197.508934 526.477661 D5-MEYAN-n3 
197.555374 197.880454 592.240700 E5-MEYAN-n4 
197.973333 198.716372 592.240700 E5-MEYAN-n5 
198.809252 198.809252 526.477661 D5-MEYAN-n6 
198.855692 198.948571 592.240700 E5-MEYAN-n7 
198.995011 199.180771 624.047280 F5-MEYAN-n8 
199.227211 199.227211 701.997872 G5-MEYAN-n9 
199.273651 199.412971 592.240700 E5-MEYAN-n10 
199.459410 199.552290 526.477661 D5-MEYAN-n11 
199.598730 199.738050 526.477661 D5-MEYAN-n12 
199.830930 200.016689 592.240700 E5-MEYAN-n13 
200.109569 200.202449 526.477661 D5-MEYAN-n14 
200.295329 200.852608 526.477661 D5-MEYAN-n15 
201.084807 201.317007 526.477661 D5-MEYAN2-n1 
201.409887 201.595646 468.017020 C5-MEYAN2-n2 
201.688526 201.781406 526.477661 D5-MEYAN2-n3 
201.874286 202.245805 592.240700 E5-MEYAN2-n4 
202.338685 202.338685 624.047280 F5-MEYAN2-n5 
202.385125 202.478005 789.685378 A5-MEYAN2-n6 
202.524444 202.524444 701.997872 G5-MEYAN2-n7 
202.570884 202.617324 624.047280 F5-MEYAN2-n8 
202.710204 202.756644 592.240700 E5-MEYAN2-n9 
202.849524 203.035283 592.240700 E5-MEYAN2-n10 
203.081723 203.313923 526.477661 D5-MEYAN2-n11 
203.360363 203.871202 526.477661 D5-MEYAN2-n12 
203.964082 204.103401 468.017020 C5-MEYAN2-n13 
204.149841 204.289161 468.017020 C5-MEYAN2-n14 
204.335601 204.428481 438.391970 B4b1-MEYAN2-n15 
204.474921 204.474921 394.842689 A4-MEYAN2-n16 
204.521361 204.892880 438.391970 B4b1-MEYAN2-n17 
205.078639 205.264399 438.391970 B4b1-NAKARAT-n1 
205.310839 205.728798 350.998936 G4-NAKARAT-n2 
205.775238 205.868118 350.998936 G4-NAKARAT-n3 
205.914558 206.332517 350.998936 G4-NAKARAT-n4 
206.378957 207.075556 468.017020 C5-NAKARAT-n5 
207.168435 207.307755 468.017020 C5-NAKARAT-n6 
207.400635 207.725714 438.391970 B4b1-NAKARAT-n7 
207.772154 207.772154 394.842689 A4-NAKARAT-n8 
207.818594 208.050794 350.998936 G4-NAKARAT-n9 
208.236553 209.490431 526.477661 D5-NAKARAT-n10 
209.676190 210.279909 526.477661 D5-NAKARAT2*-n1 
210.326349 210.465669 468.017020 C5-NAKARAT2*-n2 
210.604989 210.744308 468.017020 C5-NAKARAT2*-n3 
210.790748 210.883628 438.391970 B4b1-NAKARAT2*-n4 
210.930068 211.162268 394.842689 A4-NAKARAT2*-n5 
211.208707 211.533787 394.842689 A4-NAKARAT2*-n6 
211.626667 211.858866 438.391970 B4b1-NAKARAT2*-n7 
211.951746 212.369705 468.017020 C5-NAKARAT2*-n8 
212.416145 212.694785 438.391970 B4b1-NAKARAT2*-n9 
212.787664 213.019864 394.842689 A4-NAKARAT2*-n10 
213.066304 213.205624 350.998936 G4-NAKARAT2*-n11 
213.298503 213.530703 438.391970 B4b1-NAKARAT2*-n12 
213.577143 213.577143 394.842689 A4-NAKARAT2*-n13 
213.623583 214.831020 394.842689 A4-NAKARAT2*-n14 
