0.603719 1.300317 294.094128 G5-1._HANE-n1 
1.346757 1.718277 294.094128 G5-1._HANE-n2 
1.811156 1.996916 275.478238 F5#4-1._HANE-n3 
2.043356 2.972154 294.094128 G5-1._HANE-n4 
3.018594 3.111474 330.829824 A5-1._HANE-n5 
3.157914 3.250794 348.597204 B5b5-1._HANE-n6 
3.297234 3.343673 330.829824 A5-1._HANE-n7 
3.390113 3.715193 294.094128 G5-1._HANE-n8 
3.808073 3.900952 275.478238 F5#4-1._HANE-n9 
3.993832 5.294150 294.094128 G5-1._HANE-n10 
5.340590 5.387029 330.829824 A5-1._HANE-n11 
5.433469 5.526349 348.597204 B5b5-1._HANE-n12 
5.572789 5.665669 330.829824 A5-1._HANE-n13 
5.758549 5.897868 294.094128 G5-1._HANE-n14 
5.944308 6.130068 275.478238 F5#4-1._HANE-n15 
6.176508 6.455147 235.466735 E5b4-1._HANE-n16 
6.501587 7.198186 220.561906 D5-1._HANE-n17 
7.244626 7.430385 330.829824 A5-1._HANE-n18 
7.476825 7.569705 294.094128 G5-1._HANE-n19 
7.616145 7.755465 275.478238 F5#4-1._HANE-n20 
7.848345 8.219864 275.478238 F5#4-1._HANE-n21 
8.266304 8.359184 235.466735 E5b4-1._HANE-n22 
8.405624 8.684263 235.466735 E5b4-1._HANE-n23 
8.777143 8.916463 220.561906 D5-1._HANE-n24 
8.962902 10.774059 220.561906 D5-1._HANE-n25 
10.820499 11.145578 220.561906 D5-1._HANE-n26 
11.192018 11.470658 248.112593 E5-1._HANE-n27 
11.517098 11.517098 196.070477 C5-1._HANE-n28 
11.609977 11.981497 220.561906 D5-1._HANE-n29 
12.074376 12.074376 183.659395 B4b1-1._HANE-n30 
12.120816 12.213696 196.070477 C5-1._HANE-n31 
12.306576 12.492336 165.414912 A4-1._HANE-n32 
12.538776 12.910295 147.047064 G4-1._HANE-n33 
12.956735 13.235374 183.659395 B4b1-1._HANE-n34 
13.328254 13.931973 196.070477 C5-1._HANE-n35 
13.978413 14.349932 220.561906 D5-1._HANE-n36 
14.396372 14.489252 235.466735 E5b4-1._HANE-n37 
14.582132 15.185850 220.561906 D5-1._HANE-n38 
15.371610 15.371610 196.070477 C5-1._HANE-n39 
15.418050 15.696689 220.561906 D5-1._HANE-n40 
15.789569 16.021769 235.466735 E5b4-1._HANE-n41 
16.114649 16.579048 220.561906 D5-1._HANE-n42 
16.671927 17.043447 330.829824 A5-1._HANE-n43 
17.136327 17.507846 294.094128 G5-1._HANE-n44 
17.600726 17.972245 294.094128 G5-1._HANE-n45 
18.065125 19.040363 275.478238 F5#4-1._HANE-n46 
19.133243 19.690522 235.466735 E5b4-1._HANE-n47 
19.783401 20.154921 275.478238 F5#4-1._HANE-n48 
20.247800 20.340680 235.466735 E5b4-1._HANE-n49 
20.433560 20.340680 235.466735 E5b4-1._HANE-n50 
20.433560 20.340680 220.561906 D5-1._HANE-n51 
20.433560 20.340680 235.466735 D5-1._HANE-n52 
20.433560 20.433560 220.561906 D5-1._HANE-n53 
20.805079 20.897959 196.070477 C5-TESLIM-n1 
20.944399 21.037279 220.561906 D5-TESLIM-n2 
21.083719 21.223039 248.112593 E5-TESLIM-n3 
21.315918 21.733878 261.437602 F5-TESLIM-n4 
21.826757 21.826757 248.112593 E5-TESLIM-n5 
21.873197 21.966077 261.437602 F5-TESLIM-n6 
22.058957 22.384036 294.094128 G5-TESLIM-n7 
22.430476 22.476916 261.437602 F5-TESLIM-n8 
22.523356 22.616236 248.112593 E5-TESLIM-n9 
22.801995 22.894875 261.437602 F5-TESLIM-n10 
22.987755 23.359274 294.094128 G5-TESLIM-n11 
23.405714 23.498594 353.186187 B5b4-TESLIM-n12 
23.545034 23.591474 313.968016 A5b4-TESLIM-n13 
23.637914 23.870113 294.094128 G5-TESLIM-n14 
23.962993 24.195193 294.094128 G5-TESLIM-n15 
24.241633 24.288073 313.968016 A5b4-TESLIM-n16 
24.334512 24.891791 294.094128 G5-TESLIM-n17 
24.984671 25.077551 313.968016 A5b4-TESLIM-n18 
25.170431 25.170431 294.094128 G5-TESLIM-n19 
25.263311 25.541950 261.437602 F5-TESLIM-n20 
25.634830 26.145669 261.437602 F5-TESLIM-n21 
26.192109 26.331429 294.094128 G5-TESLIM-n22 
26.377868 26.470748 261.437602 F5-TESLIM-n23 
26.563628 26.702948 294.094128 G5-TESLIM-n24 
26.749388 26.842268 261.437602 F5-TESLIM-n25 
26.888707 27.028027 235.466735 E5b4-TESLIM-n26 
27.074467 27.492426 235.466735 E5b4-TESLIM-n27 
27.585306 27.863946 220.561906 D5-TESLIM-n28 
27.956825 28.421224 294.094128 G5-TESLIM-n29 
28.467664 28.932063 294.094128 G5-TESLIM-n30 
28.978503 29.257143 294.094128 G5-TESLIM-n31 
29.303583 29.350023 275.478238 F5#4-TESLIM-n32 
29.396463 29.489342 235.466735 E5b4-TESLIM-n33 
29.628662 29.767982 220.561906 D5-TESLIM-n34 
29.814422 31.300499 196.070477 C5-TESLIM-n35 
31.393379 31.393379 235.466735 E5b4-TESLIM-n36 
31.486259 31.625578 220.561906 D5-TESLIM-n37 
31.672018 31.811338 235.466735 E5b4-TESLIM-n38 
31.857778 32.182857 275.478238 F5#4-TESLIM-n39 
32.275737 32.600816 294.094128 G5-TESLIM-n40 
32.693696 33.065215 275.478238 F5#4-TESLIM-n41 
33.111655 33.250975 235.466735 E5b4-TESLIM-n42 
33.297415 33.390295 220.561906 D5-TESLIM-n43 
33.436735 33.483175 235.466735 E5b4-TESLIM-n44 
33.529615 33.668934 220.561906 D5-TESLIM-n45 
33.715374 33.901134 196.070477 C5-TESLIM-n46 
33.994014 34.876372 183.659395 B4b1-TESLIM-n47 
34.969252 35.155011 156.984008 A4b4-TESLIM-n48 
35.247891 36.362449 183.659395 B4b1-TESLIM-n49 
36.408889 36.594649 196.070477 C5-TESLIM-n50 
36.687528 36.873288 183.659395 B4b1-TESLIM-n51 
36.966168 36.966168 196.070477 C5-TESLIM-n52 
37.151927 37.477007 235.466735 E5b4-TESLIM-n53 
37.569887 37.848526 220.561906 D5-TESLIM-n54 
37.894966 37.987846 196.070477 C5-TESLIM-n55 
38.034286 38.080726 183.659395 B4b1-TESLIM-n56 
38.127166 38.312925 183.659395 B4b1-TESLIM-n57 
38.405805 38.498685 156.984008 A4b4-TESLIM-n58 
38.545125 38.591565 156.984008 A4b4-TESLIM-n59 
38.638005 38.963084 147.047064 G4-TESLIM-n60 
39.055964 39.891882 147.047064 G4-TESLIM-n61 
39.984762 39.984762 147.047064 G4-TESLIM-n62 
40.913560 41.795918 147.047064 G4-2._HANE-n1 
41.842358 41.981678 220.561906 D5-2._HANE-n2 
42.074558 42.306757 235.466735 E5b4-2._HANE-n3 
42.353197 42.492517 220.561906 D5-2._HANE-n4 
42.538957 42.724717 196.070477 C5-2._HANE-n5 
42.771156 42.956916 183.659395 B4b1-2._HANE-n6 
43.003356 43.235556 156.984008 A4b4-2._HANE-n7 
43.328435 43.607075 183.659395 B4b1-2._HANE-n8 
43.699955 43.839274 196.070477 C5-2._HANE-n9 
43.932154 44.164354 220.561906 D5-2._HANE-n10 
44.210794 44.442993 183.659395 B4b1-2._HANE-n11 
44.535873 44.907392 196.070477 C5-2._HANE-n12 
45.000272 46.393469 220.561906 D5-2._HANE-n13 
46.486349 46.625669 235.466735 E5b4-2._HANE-n14 
46.672109 46.672109 294.094128 G5-2._HANE-n15 
46.718549 46.811429 275.478238 F5#4-2._HANE-n16 
46.904308 47.043628 235.466735 E5b4-2._HANE-n17 
47.090068 47.322268 220.561906 D5-2._HANE-n18 
47.368707 47.461587 196.070477 C5-2._HANE-n19 
47.554467 47.786667 220.561906 D5-2._HANE-n20 
47.833107 48.483265 183.659395 B4b1-2._HANE-n21 
48.529705 48.715465 196.070477 C5-2._HANE-n22 
48.808345 48.994104 183.659395 B4b1-2._HANE-n23 
49.040544 49.086984 156.984008 A4b4-2._HANE-n24 
49.133424 49.365624 156.984008 A4b4-2._HANE-n25 
49.458503 49.690703 147.047064 G4-2._HANE-n26 
49.737143 50.619501 147.047064 G4-2._HANE-n27 
50.665941 51.223220 147.047064 G4-2._HANE-n28 
51.316100 52.105578 147.047064 G4-2._HANE-n29 
52.198458 52.662857 220.561906 D5-2._HANE-n30 
52.755737 52.895057 235.466735 E5b4-2._HANE-n31 
52.941497 53.127256 220.561906 D5-2._HANE-n32 
53.220136 53.313016 196.070477 C5-2._HANE-n33 
53.452336 53.638095 183.659395 B4b1-2._HANE-n34 
53.730975 53.916735 156.984008 A4b4-2._HANE-n35 
54.009615 54.427574 183.659395 B4b1-2._HANE-n36 
54.520454 54.984853 196.070477 C5-2._HANE-n37 
55.031293 55.635011 220.561906 D5-2._HANE-n38 
55.681451 56.099410 235.466735 E5b4-2._HANE-n39 
56.145850 56.470930 196.070477 C5-2._HANE-n40 
56.610249 57.028209 220.561906 D5-2._HANE-n41 
57.121088 57.585488 235.466735 E5b4-2._HANE-n42 
57.864127 58.189206 330.829824 A5-2._HANE-n43 
58.282086 58.560726 294.094128 G5-2._HANE-n44 
58.653605 59.118005 330.829824 G5-2._HANE-n45 
59.210884 60.139683 294.094128 F5#4-2._HANE-n46 
60.232562 60.325442 275.478238 E5b4-2._HANE-n47 
60.371882 60.604082 235.466735 F5#4-2._HANE-n48 
60.696961 60.604082 275.478238 E5b4-2._HANE-n49 
60.696961 60.604082 235.466735 E5b4-2._HANE-n50 
60.696961 60.604082 235.466735 D5-2._HANE-n51 
60.696961 60.604082 220.561906 D5-2._HANE-n52 
60.696961 60.696961 235.466735 D5-2._HANE-n53 
61.579320 61.765079 196.070477 C5-TESLIM-n1 
61.811519 61.950839 220.561906 D5-TESLIM-n2 
62.090159 62.275918 248.112593 E5-TESLIM-n3 
62.322358 62.461678 261.437602 F5-TESLIM-n4 
62.554558 62.740317 248.112593 E5-TESLIM-n5 
62.833197 62.926077 261.437602 F5-TESLIM-n6 
63.065397 63.297596 294.094128 G5-TESLIM-n7 
63.344036 63.436916 261.437602 F5-TESLIM-n8 
63.529796 63.622676 248.112593 E5-TESLIM-n9 
63.761995 63.854875 261.437602 F5-TESLIM-n10 
63.947755 64.412154 294.094128 G5-TESLIM-n11 
64.458594 64.505034 353.186187 B5b4-TESLIM-n12 
64.551474 64.644354 313.968016 A5b4-TESLIM-n13 
64.690794 64.783673 294.094128 G5-TESLIM-n14 
64.830113 65.201633 294.094128 G5-TESLIM-n15 
65.294512 65.387392 313.968016 A5b4-TESLIM-n16 
65.433832 65.666032 294.094128 G5-TESLIM-n17 
65.758912 65.898231 313.968016 A5b4-TESLIM-n18 
65.991111 66.083991 294.094128 G5-TESLIM-n19 
66.176871 66.362630 261.437602 F5-TESLIM-n20 
66.455510 67.105669 261.437602 F5-TESLIM-n21 
67.152109 67.244989 294.094128 G5-TESLIM-n22 
67.337868 67.430748 261.437602 F5-TESLIM-n23 
67.523628 67.709388 294.094128 G5-TESLIM-n24 
67.755828 67.848707 261.437602 F5-TESLIM-n25 
67.895147 68.034467 235.466735 E5b4-TESLIM-n26 
68.080907 68.498866 235.466735 E5b4-TESLIM-n27 
68.591746 68.870385 220.561906 D5-TESLIM-n28 
68.963265 69.474104 294.094128 G5-TESLIM-n29 
69.520544 69.892063 294.094128 G5-TESLIM-n30 
69.938503 70.310023 294.094128 G5-TESLIM-n31 
70.356463 70.495782 275.478238 F5#4-TESLIM-n32 
70.542222 70.820862 235.466735 E5b4-TESLIM-n33 
70.867302 70.960181 220.561906 D5-TESLIM-n34 
71.053061 71.471020 196.070477 C5-TESLIM-n35 
71.563900 72.585578 235.466735 E5b4-TESLIM-n36 
72.678458 72.817778 220.561906 D5-TESLIM-n37 
72.910658 73.142857 235.466735 E5b4-TESLIM-n38 
73.189297 73.282177 275.478238 F5#4-TESLIM-n39 
73.375057 73.653696 294.094128 G5-TESLIM-n40 
73.700136 73.793016 275.478238 F5#4-TESLIM-n41 
73.839456 73.932336 235.466735 E5b4-TESLIM-n42 
74.025215 74.164535 220.561906 D5-TESLIM-n43 
74.257415 74.582494 235.466735 E5b4-TESLIM-n44 
74.628934 74.675374 220.561906 D5-TESLIM-n45 
74.721814 74.954014 196.070477 C5-TESLIM-n46 
75.000454 76.115011 183.659395 B4b1-TESLIM-n47 
76.161451 76.161451 156.984008 A4b4-TESLIM-n48 
76.254331 76.486531 183.659395 B4b1-TESLIM-n49 
76.579410 78.297687 196.070477 C5-TESLIM-n50 
78.390567 78.390567 183.659395 B4b1-TESLIM-n51 
78.483447 78.901406 196.070477 C5-TESLIM-n52 
78.947846 78.947846 235.466735 E5b4-TESLIM-n53 
78.994286 79.040726 220.561906 D5-TESLIM-n54 
79.087166 79.180045 196.070477 C5-TESLIM-n55 
79.226485 79.458685 183.659395 B4b1-TESLIM-n56 
79.505125 79.598005 183.659395 B4b1-TESLIM-n57 
79.644444 79.783764 156.984008 A4b4-TESLIM-n58 
79.876644 79.969524 156.984008 A4b4-TESLIM-n59 
80.015964 80.155283 147.047064 G4-TESLIM-n60 
80.201723 80.666122 147.047064 G4-TESLIM-n61 
80.712562 80.944762 147.047064 G4-TESLIM-n62 
82.198639 82.384399 294.094128 G5-3._HANE-n1 
82.430839 82.663039 313.968016 A5b4-3._HANE-n2 
82.709478 82.848798 294.094128 G5-3._HANE-n3 
82.941678 83.080998 275.478238 F5#4-3._HANE-n4 
83.127438 83.359637 235.466735 E5b4-3._HANE-n5 
83.406077 83.452517 220.561906 D5-3._HANE-n6 
83.498957 83.731156 235.466735 E5b4-3._HANE-n7 
83.824036 83.963356 261.437602 F5-3._HANE-n8 
84.102676 84.381315 235.466735 E5b4-3._HANE-n9 
84.474195 84.752834 261.437602 F5-3._HANE-n10 
84.845714 84.985034 294.094128 G5-3._HANE-n11 
85.077914 85.170794 261.437602 F5-3._HANE-n12 
85.263673 85.356553 313.968016 A5b4-3._HANE-n13 
85.402993 87.260590 294.094128 G5-3._HANE-n14 
87.353469 87.771429 367.318789 B5b1-3._HANE-n15 
87.864308 88.235828 392.140953 C6-3._HANE-n16 
88.375147 88.932426 441.123812 D6-3._HANE-n17 
88.978866 89.025306 470.933470 E6b4-3._HANE-n18 
89.071746 89.164626 441.123812 D6-3._HANE-n19 
89.257506 89.582585 392.140953 C6-3._HANE-n20 
89.629025 89.768345 441.123812 D6-3._HANE-n21 
89.861224 90.464943 348.597204 B5b5-3._HANE-n22 
90.511383 90.697143 309.888599 A5b5-3._HANE-n23 
90.790023 91.207982 294.094128 G5-3._HANE-n24 
91.300862 91.718821 261.437602 F5-3._HANE-n25 
91.765261 92.276100 244.888841 E5b1-3._HANE-n26 
92.368980 93.390658 348.597204 B5b5-3._HANE-n27 
93.437098 93.529977 348.597204 B5b5-3._HANE-n28 
93.576417 93.808617 330.829824 A5-3._HANE-n29 
93.855057 94.458776 330.829824 A5-3._HANE-n30 
94.505215 94.830295 294.094128 G5-3._HANE-n31 
94.876735 95.434014 294.094128 G5-3._HANE-n32 
95.480454 95.526893 348.597204 B5b5-3._HANE-n33 
95.573333 95.666213 330.829824 A5-3._HANE-n34 
95.712653 96.177052 294.094128 G5-3._HANE-n35 
96.223492 96.223492 261.437602 F5-3._HANE-n36 
96.269932 96.316372 244.888841 E5b1-3._HANE-n37 
96.409252 96.502132 220.561906 D5-3._HANE-n38 
96.595011 96.873651 196.070477 C5-3._HANE-n39 
96.966531 97.338050 220.561906 D5-3._HANE-n40 
97.384490 97.848889 235.466735 E5b4-3._HANE-n41 
97.941769 98.731247 294.094128 G5-3._HANE-n42 
98.870567 99.845805 261.437602 F5-3._HANE-n43 
99.938685 100.124444 244.888841 E5b1-3._HANE-n44 
100.170884 100.170884 261.437602 F5-3._HANE-n45 
100.217324 100.263764 244.888841 E5b1-3._HANE-n46 
100.310204 100.449524 244.888841 E5b1-3._HANE-n47 
100.495964 100.728163 220.561906 D5-3._HANE-n48 
100.774603 101.517642 220.561906 D5-3._HANE-n49 
101.564082 101.749841 220.561906 D5-3._HANE-n50 
102.771519 103.189478 196.070477 C5-TESLIM-n1 
103.235918 103.282358 220.561906 D5-TESLIM-n2 
103.328798 103.421678 248.112593 E5-TESLIM-n3 
103.468118 103.653878 261.437602 F5-TESLIM-n4 
103.700317 103.793197 248.112593 E5-TESLIM-n5 
103.886077 104.118277 261.437602 F5-TESLIM-n6 
104.211156 104.443356 294.094128 G5-TESLIM-n7 
104.489796 104.629116 261.437602 F5-TESLIM-n8 
104.675556 104.768435 248.112593 E5-TESLIM-n9 
104.907755 105.093515 261.437602 F5-TESLIM-n10 
105.186395 105.465034 294.094128 G5-TESLIM-n11 
105.511474 105.650794 353.186187 B5b4-TESLIM-n12 
105.697234 105.790113 313.968016 A5b4-TESLIM-n13 
105.836553 105.975873 294.094128 G5-TESLIM-n14 
106.022313 106.440272 294.094128 G5-TESLIM-n15 
106.533152 106.626032 313.968016 A5b4-TESLIM-n16 
106.672472 106.811791 294.094128 G5-TESLIM-n17 
106.858231 107.090431 313.968016 A5b4-TESLIM-n18 
107.183311 107.322630 294.094128 G5-TESLIM-n19 
107.415510 107.508390 261.437602 F5-TESLIM-n20 
107.554830 107.787029 261.437602 F5-TESLIM-n21 
107.833469 108.019229 294.094128 G5-TESLIM-n22 
108.112109 108.344308 261.437602 F5-TESLIM-n23 
108.437188 108.901587 294.094128 G5-TESLIM-n24 
108.994467 109.180227 261.437602 F5-TESLIM-n25 
109.226667 109.365986 235.466735 E5b4-TESLIM-n26 
109.458866 109.876825 235.466735 E5b4-TESLIM-n27 
109.969705 110.201905 220.561906 D5-TESLIM-n28 
110.294785 111.084263 294.094128 G5-TESLIM-n29 
111.130703 111.780862 294.094128 G5-TESLIM-n30 
111.827302 112.059501 294.094128 G5-TESLIM-n31 
112.105941 112.291701 275.478238 F5#4-TESLIM-n32 
112.338141 112.338141 235.466735 E5b4-TESLIM-n33 
112.384580 112.523900 220.561906 D5-TESLIM-n34 
112.570340 112.802540 196.070477 C5-TESLIM-n35 
112.848980 114.009977 235.466735 E5b4-TESLIM-n36 
114.056417 114.149297 220.561906 D5-TESLIM-n37 
114.195737 114.381497 235.466735 E5b4-TESLIM-n38 
114.474376 114.845896 275.478238 F5#4-TESLIM-n39 
114.938776 115.356735 294.094128 G5-TESLIM-n40 
115.403175 115.728254 275.478238 F5#4-TESLIM-n41 
115.774694 115.821134 235.466735 E5b4-TESLIM-n42 
115.867574 115.960454 220.561906 D5-TESLIM-n43 
116.006893 116.192653 235.466735 E5b4-TESLIM-n44 
116.239093 116.285533 220.561906 D5-TESLIM-n45 
116.331973 116.424853 196.070477 C5-TESLIM-n46 
116.471293 117.353651 183.659395 B4b1-TESLIM-n47 
117.400091 117.492971 156.984008 A4b4-TESLIM-n48 
117.585850 117.771610 183.659395 B4b1-TESLIM-n49 
117.864490 118.886168 196.070477 C5-TESLIM-n50 
118.979048 119.164807 183.659395 B4b1-TESLIM-n51 
119.257687 119.536327 196.070477 C5-TESLIM-n52 
119.907846 120.093605 235.466735 E5b4-TESLIM-n53 
120.140045 120.372245 220.561906 D5-TESLIM-n54 
120.418685 120.511565 196.070477 C5-TESLIM-n55 
120.558005 120.650884 183.659395 B4b1-TESLIM-n56 
120.697324 120.790204 183.659395 B4b1-TESLIM-n57 
120.836644 121.208163 156.984008 A4b4-TESLIM-n58 
121.301043 121.301043 156.984008 A4b4-TESLIM-n59 
121.347483 121.486803 147.047064 G4-TESLIM-n60 
121.579683 122.833560 147.047064 G4-TESLIM-n61 
122.880000 123.158639 147.047064 G4-TESLIM-n62 
135.883175 136.068934 294.094128 G5-4._HANE-n1 
136.115374 136.301134 275.478238 F5#4-4._HANE-n2 
136.347574 136.486893 313.968016 A5b4-4._HANE-n3 
136.533333 137.137052 294.094128 G5-4._HANE-n4 
137.183492 137.601451 235.466735 E5b4-4._HANE-n5 
137.647891 137.740771 220.561906 D5-4._HANE-n6 
137.787211 138.065850 196.070477 C5-4._HANE-n7 
138.112290 138.390930 235.466735 E5b4-4._HANE-n8 
138.437370 139.691247 220.561906 D5-4._HANE-n9 
139.784127 140.109206 183.659395 B4b1-4._HANE-n10 
140.155646 140.294966 196.070477 C5-4._HANE-n11 
140.341406 140.527166 220.561906 D5-4._HANE-n12 
140.573605 140.759365 235.466735 E5b4-4._HANE-n13 
140.805805 140.945125 220.561906 D5-4._HANE-n14 
140.991565 141.177324 196.070477 C5-4._HANE-n15 
141.223764 141.641723 183.659395 B4b1-4._HANE-n16 
141.688163 141.781043 156.984008 A4b4-4._HANE-n17 
141.827483 141.966803 183.659395 B4b1-4._HANE-n18 
142.013243 142.199002 156.984008 A4b4-4._HANE-n19 
142.245442 142.384762 147.047064 G4-4._HANE-n20 
142.431202 143.638639 147.047064 G4-4._HANE-n21 
143.685079 144.103039 147.047064 G4-4._HANE-n22 
144.149478 144.381678 156.984008 A4b4-4._HANE-n23 
144.428118 144.846077 183.659395 B4b1-4._HANE-n24 
144.892517 144.985397 196.070477 C5-4._HANE-n25 
145.031837 145.635556 220.561906 D5-4._HANE-n26 
145.681995 145.774875 183.659395 B4b1-4._HANE-n27 
145.821315 146.332154 196.070477 C5-4._HANE-n28 
146.378594 146.471474 220.561906 D5-4._HANE-n29 
146.517914 146.935873 235.466735 E5b4-4._HANE-n30 
146.982313 147.168073 196.070477 C5-4._HANE-n31 
147.214512 147.771791 220.561906 D5-4._HANE-n32 
147.818231 147.864671 235.466735 E5b4-4._HANE-n33 
147.911111 149.536508 275.478238 F5#4-4._HANE-n34 
149.629388 150.186667 220.561906 D5-4._HANE-n35 
150.279546 151.486984 235.466735 E5b4-4._HANE-n36 
151.579864 151.719184 275.478238 F5#4-4._HANE-n37 
151.765624 152.183583 294.094128 G5-4._HANE-n38 
152.230023 152.369342 275.478238 F5#4-4._HANE-n39 
152.415782 152.926621 235.466735 E5b4-4._HANE-n40 
152.973061 153.019501 275.478238 F5#4-4._HANE-n41 
153.065941 154.505578 294.094128 G5-4._HANE-n42 
154.552018 154.737778 294.094128 G5-4._HANE-n43 
154.784218 154.923537 275.478238 F5#4-4._HANE-n44 
154.969977 155.155737 313.968016 A5b4-4._HANE-n45 
155.202177 155.759456 294.094128 G5-4._HANE-n46 
155.805896 156.223855 235.466735 E5b4-4._HANE-n47 
156.270295 156.409615 220.561906 D5-4._HANE-n48 
156.456054 156.734694 196.070477 C5-4._HANE-n49 
156.781134 157.059773 235.466735 E5b4-4._HANE-n50 
157.106213 158.313651 220.561906 D5-4._HANE-n51 
158.360091 158.499410 183.659395 B4b1-4._HANE-n52 
158.545850 158.731610 196.070477 C5-4._HANE-n53 
158.778050 158.917370 220.561906 D5-4._HANE-n54 
158.963810 159.103129 235.466735 E5b4-4._HANE-n55 
159.149569 159.335329 220.561906 D5-4._HANE-n56 
159.381769 159.521088 196.070477 C5-4._HANE-n57 
159.567528 159.985488 183.659395 B4b1-4._HANE-n58 
160.031927 160.217687 156.984008 A4b4-4._HANE-n59 
160.264127 160.449887 183.659395 B4b1-4._HANE-n60 
160.496327 160.635646 156.984008 A4b4-4._HANE-n61 
160.682086 160.867846 147.047064 G4-4._HANE-n62 
160.914286 162.911202 147.047064 G4-4._HANE-n63 
162.957642 163.189841 NaN F5-4._HANE-n64 
163.236281 163.422041 261.437602 G5-4._HANE-n65 
163.468481 163.700680 294.094128 G5-4._HANE-n66 
163.747120 163.840000 294.094128 G5-4._HANE-n67 
163.886440 164.025760 294.094128 A5-4._HANE-n68 
164.072200 164.211519 330.829824 G5-4._HANE-n69 
164.257959 164.350839 294.094128 F5-4._HANE-n70 
164.443719 165.093878 261.437602 G5-4._HANE-n71 
165.140317 165.372517 294.094128 A5-4._HANE-n72 
165.418957 165.744036 330.829824 G5-4._HANE-n73 
165.883356 166.579955 294.094128 F5-4._HANE-n74 
166.626395 166.858594 261.437602 E5b1-4._HANE-n75 
166.905034 167.137234 244.888841 D5-4._HANE-n76 
167.183673 167.230113 220.561906 E5b1-4._HANE-n77 
167.276553 167.415873 244.888841 D5-4._HANE-n78 
167.462313 167.740952 220.561906 C5-4._HANE-n79 
167.787392 168.112472 196.070477 D5-4._HANE-n80 
168.158912 168.623311 220.561906 E5b1-4._HANE-n81 
168.669751 168.901950 244.888841 F5-4._HANE-n82 
169.041270 169.273469 261.437602 G5-4._HANE-n83 
169.319909 169.598549 294.094128 A5-4._HANE-n84 
169.644989 169.691429 330.829824 B5b5-4._HANE-n85 
169.737868 169.830748 348.597204 A5-4._HANE-n86 
169.923628 170.202268 330.829824 G5-4._HANE-n87 
170.295147 170.527347 294.094128 A5-4._HANE-n88 
170.620227 171.177506 330.829824 G5-4._HANE-n89 
171.223946 171.270385 294.094128 F5-4._HANE-n90 
171.316825 171.549025 261.437602 F5-4._HANE-n91 
171.595465 171.781224 261.437602 E5b1-4._HANE-n92 
171.874104 172.849342 244.888841 F5-4._HANE-n93 
172.895782 173.360181 261.437602 F5-4._HANE-n94 
173.406621 174.428299 261.437602 F5-4._HANE-n95 
174.474739 174.567619 261.437602 F5-4._HANE-n96 
174.614059 174.706939 261.437602 G5-4._HANE-n97 
174.753379 174.939138 294.094128 F5-4._HANE-n98 
174.985578 175.032018 261.437602 E5b1-4._HANE-n99 
175.078458 176.053696 244.888841 E5b1-4._HANE-n100 
176.146576 176.843175 244.888841 E5b1-4._HANE-n101 
176.936054 178.050612 244.888841 E5b1-4._HANE-n102 
178.097052 178.607891 244.888841 E5b5-4._HANE-n103 
178.654331 178.979410 232.407292 D5-4._HANE-n104 
179.025850 179.165170 220.561906 G5-4._HANE-n105 
179.211610 179.304490 294.094128 F5#4-4._HANE-n106 
179.350930 179.536689 275.478238 E5b4-4._HANE-n107 
179.583129 179.722449 235.466735 D5-4._HANE-n108 
179.768889 180.001088 220.561906 C5-4._HANE-n109 
180.047528 180.186848 196.070477 B4b1-4._HANE-n110 
180.279728 181.162086 183.659395 C5-4._HANE-n111 
181.208526 181.998005 196.070477 C5-4._HANE-n112 
182.090884 182.508844 196.070477 F5-4._HANE-n113 
182.601723 182.880363 261.437602 G5-4._HANE-n114 
182.926803 183.205442 294.094128 G5-4._HANE-n115 
183.251882 183.530522 294.094128 G5-4._HANE-n116 
183.576961 183.716281 294.094128 A5-4._HANE-n117 
183.762721 184.273560 330.829824 G5-4._HANE-n118 
184.320000 184.412880 294.094128 F5-4._HANE-n119 
184.645079 184.737959 261.437602 E5b1-4._HANE-n120 
184.784399 185.109478 244.888841 D5#4-4._HANE-n121 
185.155918 185.480998 232.407292 E5b1-4._HANE-n122 
185.527438 186.316916 244.888841 F5-4._HANE-n123 
186.409796 187.292154 261.437602 G5-4._HANE-n124 
187.338594 187.431474 294.094128 F5-4._HANE-n125 
187.524354 187.802993 261.437602 E5b5-4._HANE-n126 
187.849433 187.895873 232.407292 D5-4._HANE-n127 
187.942313 188.035193 220.561906 C5-4._HANE-n128 
188.081633 188.313832 196.070477 D5-4._HANE-n129 
188.360272 188.638912 220.561906 E5b4-4._HANE-n130 
188.685351 188.871111 235.466735 D5-4._HANE-n131 
188.917551 189.056871 220.561906 C5-4._HANE-n132 
189.103311 189.242630 196.070477 B4b1-4._HANE-n133 
189.289070 189.567710 183.659395 A4b4-4._HANE-n134 
189.614150 190.124989 156.984008 B4b1-4._HANE-n135 
190.171429 190.821587 183.659395 C5-4._HANE-n136 
190.868027 191.053787 196.070477 D5-4._HANE-n137 
191.100227 191.193107 220.561906 B4b1-4._HANE-n138 
191.239546 191.285986 183.659395 A4b4-4._HANE-n139 
191.332426 191.611066 156.984008 A4b4-4._HANE-n140 
191.657506 191.936145 156.984008 G4-4._HANE-n141 
192.029025 192.725624 147.047064 G4-4._HANE-n142 
192.818503 193.282902 147.047064 G4-4._HANE-n143 
193.375782 193.607982 147.047064 G4-4._HANE-n144 
193.654422 193.979501 147.047064 F4#4-4._HANE-n145 
194.025941 194.072381 137.739119 E4b4-4._HANE-n146 
194.118821 194.443900 117.733368 F4#4-4._HANE-n147 
194.490340 194.954739 137.739119 G4-4._HANE-n148 
208.747392 208.886712 196.070477 C5-TESLIM-n1 
208.933152 209.026032 220.561906 D5-TESLIM-n2 
209.072472 209.165351 248.112593 E5-TESLIM-n3 
209.211791 209.397551 261.437602 F5-TESLIM-n4 
209.443991 209.676190 248.112593 E5-TESLIM-n5 
209.722630 209.861950 261.437602 F5-TESLIM-n6 
209.954830 210.233469 294.094128 G5-TESLIM-n7 
210.279909 210.326349 261.437602 F5-TESLIM-n8 
210.372789 210.465669 248.112593 E5-TESLIM-n9 
210.512109 210.790748 261.437602 F5-TESLIM-n10 
210.837188 211.208707 294.094128 G5-TESLIM-n11 
211.255147 211.394467 353.186187 B5b4-TESLIM-n12 
211.440907 211.533787 313.968016 A5b4-TESLIM-n13 
211.626667 211.905306 294.094128 G5-TESLIM-n14 
211.951746 212.276825 294.094128 G5-TESLIM-n15 
212.323265 212.369705 313.968016 A5b4-TESLIM-n16 
212.416145 212.601905 294.094128 G5-TESLIM-n17 
212.694785 212.880544 313.968016 A5b4-TESLIM-n18 
212.973424 213.112744 294.094128 G5-TESLIM-n19 
213.159184 213.252063 261.437602 F5-TESLIM-n20 
213.344943 213.762902 261.437602 F5-TESLIM-n21 
213.809342 213.902222 294.094128 G5-TESLIM-n22 
213.948662 214.087982 261.437602 F5-TESLIM-n23 
214.134422 214.366621 294.094128 G5-TESLIM-n24 
214.505941 214.552381 261.437602 F5-TESLIM-n25 
214.598821 214.923900 235.466735 E5b4-TESLIM-n26 
214.970340 215.481179 235.466735 E5b4-TESLIM-n27 
215.574059 215.759819 220.561906 D5-TESLIM-n28 
215.852698 216.177778 294.094128 G5-TESLIM-n29 
216.224218 216.874376 294.094128 G5-TESLIM-n30 
216.967256 217.292336 294.094128 G5-TESLIM-n31 
217.338776 217.478095 275.478238 F5#4-TESLIM-n32 
217.524535 217.710295 235.466735 E5b4-TESLIM-n33 
217.756735 217.849615 220.561906 D5-TESLIM-n34 
217.896054 218.221134 196.070477 C5-TESLIM-n35 
218.314014 219.475011 235.466735 E5b4-TESLIM-n36 
219.521451 219.614331 220.561906 D5-TESLIM-n37 
219.660771 219.892971 235.466735 E5b4-TESLIM-n38 
219.985850 220.310930 275.478238 F5#4-TESLIM-n39 
220.403810 220.775329 294.094128 G5-TESLIM-n40 
220.868209 221.193288 275.478238 F5#4-TESLIM-n41 
221.239728 221.332608 235.466735 E5b4-TESLIM-n42 
221.379048 221.425488 220.561906 D5-TESLIM-n43 
221.471927 221.564807 235.466735 E5b4-TESLIM-n44 
221.611247 221.657687 220.561906 D5-TESLIM-n45 
221.704127 221.889887 196.070477 C5-TESLIM-n46 
221.982766 222.818685 183.659395 B4b1-TESLIM-n47 
222.958005 223.097324 156.984008 A4b4-TESLIM-n48 
223.190204 223.375964 183.659395 B4b1-TESLIM-n49 
223.468844 224.397642 196.070477 C5-TESLIM-n50 
224.444082 224.629841 183.659395 B4b1-TESLIM-n51 
224.676281 225.001361 196.070477 C5-TESLIM-n52 
225.094240 225.187120 235.466735 E5b4-TESLIM-n53 
225.233560 225.372880 220.561906 D5-TESLIM-n54 
225.419320 225.651519 196.070477 C5-TESLIM-n55 
225.697959 225.883719 183.659395 B4b1-TESLIM-n56 
225.930159 226.023039 183.659395 B4b1-TESLIM-n57 
226.069478 226.162358 156.984008 A4b4-TESLIM-n58 
226.208798 226.440998 156.984008 A4b4-TESLIM-n59 
226.533878 226.626757 147.047064 G4-TESLIM-n60 
226.673197 227.137596 147.047064 G4-TESLIM-n61 
227.184036 227.369796 147.047064 G4-TESLIM-n62 
228.530794 228.716553 196.070477 C5-TESLIM-n1 
228.762993 228.948753 220.561906 D5-TESLIM-n2 
228.995193 229.227392 248.112593 E5-TESLIM-n3 
229.320272 229.506032 261.437602 F5-TESLIM-n4 
229.598912 229.784671 248.112593 E5-TESLIM-n5 
229.831111 229.923991 261.437602 F5-TESLIM-n6 
230.016871 230.341950 294.094128 G5-TESLIM-n7 
230.481270 230.574150 261.437602 F5-TESLIM-n8 
230.620590 230.667029 248.112593 E5-TESLIM-n9 
230.713469 230.852789 261.437602 F5-TESLIM-n10 
230.945669 231.270748 294.094128 G5-TESLIM-n11 
231.317188 231.410068 353.186187 B5b4-TESLIM-n12 
231.502948 231.595828 313.968016 A5b4-TESLIM-n13 
231.688707 231.874467 294.094128 G5-TESLIM-n14 
231.967347 232.338866 294.094128 G5-TESLIM-n15 
232.385306 232.385306 313.968016 A5b4-TESLIM-n16 
232.431746 232.571066 294.094128 G5-TESLIM-n17 
232.663946 232.849705 313.968016 A5b4-TESLIM-n18 
232.942585 233.128345 294.094128 G5-TESLIM-n19 
233.221224 233.314104 261.437602 F5-TESLIM-n20 
233.406984 233.592744 261.437602 F5-TESLIM-n21 
233.639184 233.824943 294.094128 G5-TESLIM-n22 
233.917823 234.103583 261.437602 F5-TESLIM-n23 
234.150023 234.242902 294.094128 G5-TESLIM-n24 
234.335782 234.521542 261.437602 F5-TESLIM-n25 
234.567982 234.660862 235.466735 E5b4-TESLIM-n26 
234.707302 235.032381 235.466735 E5b4-TESLIM-n27 
235.078821 235.357460 220.561906 D5-TESLIM-n28 
235.450340 236.007619 294.094128 G5-TESLIM-n29 
236.054059 236.611338 294.094128 G5-TESLIM-n30 
236.704218 237.029297 294.094128 G5-TESLIM-n31 
237.075737 237.168617 275.478238 F5#4-TESLIM-n32 
237.261497 237.400816 235.466735 E5b4-TESLIM-n33 
237.493696 237.679456 220.561906 D5-TESLIM-n34 
237.725896 238.004535 196.070477 C5-TESLIM-n35 
238.050975 239.165533 235.466735 E5b4-TESLIM-n36 
239.211973 239.397732 220.561906 D5-TESLIM-n37 
239.444172 239.676372 235.466735 E5b4-TESLIM-n38 
239.722812 239.955011 275.478238 F5#4-TESLIM-n39 
240.047891 240.187211 294.094128 G5-TESLIM-n40 
240.233651 240.465850 275.478238 F5#4-TESLIM-n41 
240.512290 240.605170 235.466735 E5b4-TESLIM-n42 
240.698050 240.930249 220.561906 D5-TESLIM-n43 
240.976689 241.116009 235.466735 E5b4-TESLIM-n44 
241.208889 241.394649 220.561906 D5-TESLIM-n45 
241.441088 241.626848 196.070477 C5-TESLIM-n46 
241.673288 242.648526 183.659395 B4b1-TESLIM-n47 
242.741406 242.880726 156.984008 A4b4-TESLIM-n48 
242.973605 243.391565 183.659395 B4b1-TESLIM-n49 
243.577324 244.181043 196.070477 C5-TESLIM-n50 
244.273923 244.599002 183.659395 B4b1-TESLIM-n51 
244.691882 245.342041 196.070477 C5-TESLIM-n52 
245.388481 245.388481 235.466735 E5b4-TESLIM-n53 
245.434921 245.713560 220.561906 D5-TESLIM-n54 
245.806440 245.806440 196.070477 C5-TESLIM-n55 
245.852880 246.085079 183.659395 B4b1-TESLIM-n56 
246.177959 246.503039 183.659395 B4b1-TESLIM-n57 
246.549478 246.642358 156.984008 A4b4-TESLIM-n58 
246.688798 246.967438 156.984008 A4b4-TESLIM-n59 
247.013878 247.106757 147.047064 G4-TESLIM-n60 
247.153197 247.664036 147.047064 G4-TESLIM-n61 
247.710476 247.896236 147.047064 G4-TESLIM-n62 
