551.938322 552.124082 188.372622 B4-1._HANE-n1 
552.170522 552.170522 209.149231 C5#4-1._HANE-n2 
552.263401 552.449161 188.372622 B4-1._HANE-n3 
552.542041 552.634921 198.489267 C5-1._HANE-n4 
552.727800 553.424399 223.282830 D5-1._HANE-n5 
553.517279 553.795918 251.173392 E5-1._HANE-n6 
553.888798 553.981678 264.662783 F5-1._HANE-n7 
554.028118 554.446077 251.173392 E5-1._HANE-n8 
554.538957 554.771156 223.282830 D5-1._HANE-n9 
554.864036 555.096236 251.173392 E5-1._HANE-n10 
555.189116 555.560635 223.282830 D5-1._HANE-n11 
555.699955 555.885714 198.489267 C5-1._HANE-n12 
555.978594 556.117914 223.282830 D5-1._HANE-n13 
556.164354 556.535873 198.489267 C5-1._HANE-n14 
556.628753 557.232472 185.925078 B4b1-1._HANE-n15 
557.325351 558.764989 223.282830 D5-1._HANE-n16 
558.857868 558.857868 185.925078 B4b1-1._HANE-n17 
558.950748 559.508027 198.489267 C5-1._HANE-n18 
559.600907 559.833107 223.282830 D5-1._HANE-n19 
559.925986 560.018866 198.489267 C5-1._HANE-n20 
560.065306 560.158186 185.925078 B4b1-1._HANE-n21 
560.204626 560.622585 185.925078 B4b1-1._HANE-n22 
560.669025 560.715465 167.455525 A4-1._HANE-n23 
560.761905 562.108662 167.455525 A4-1._HANE-n24 
562.201542 562.665941 264.662783 F5-1._HANE-n25 
562.758821 563.408980 251.173392 E5-1._HANE-n26 
563.501859 563.501859 223.282830 D5-1._HANE-n27 
563.594739 564.012698 198.489267 C5-1._HANE-n28 
564.105578 564.105578 185.925078 B4b1-1._HANE-n29 
564.198458 564.848617 167.455525 A4-1._HANE-n30 
564.941497 565.080816 188.372622 B4-1._HANE-n31 
565.127256 565.591655 209.149231 C5#4-1._HANE-n32 
565.684535 566.195374 223.282830 D5-1._HANE-n33 
566.334694 566.706213 251.173392 E5-1._HANE-n34 
566.752653 567.077732 264.662783 F5-1._HANE-n35 
567.170612 567.727891 223.282830 D5-1._HANE-n36 
567.774331 568.145850 251.173392 E5-1._HANE-n37 
568.192290 569.306848 264.662783 F5-1._HANE-n38 
569.399728 569.399728 297.722170 G5-1._HANE-n39 
569.446168 569.492608 264.662783 F5-1._HANE-n40 
569.539048 569.631927 251.173392 E5-1._HANE-n41 
569.724807 569.957007 223.282830 D5-1._HANE-n42 
570.049887 570.282086 264.662783 F5-1._HANE-n43 
570.328526 570.653605 251.173392 E5-1._HANE-n44 
570.746485 570.978685 223.282830 D5-1._HANE-n45 
571.025125 571.210884 198.489267 C5-1._HANE-n46 
571.303764 572.139683 223.282830 D5-1._HANE-n47 
572.232562 572.232562 223.282830 D5-1._HANE-n48 
573.300680 573.811519 223.282830 D5-TESLIM-n1 
573.857959 574.740317 334.911050 A5-TESLIM-n2 
574.833197 575.436916 297.722170 G5-TESLIM-n3 
575.483356 575.529796 352.897614 B5b5-TESLIM-n4 
575.622676 576.087075 334.911050 A5-TESLIM-n5 
576.179955 576.644354 297.722170 G5-TESLIM-n6 
576.737234 577.108753 264.662783 F5-TESLIM-n7 
577.155193 577.573152 251.173392 E5-TESLIM-n8 
577.666032 578.130431 223.282830 D5-TESLIM-n9 
578.269751 578.548390 251.173392 E5-TESLIM-n10 
578.594830 578.687710 223.282830 D5-TESLIM-n11 
578.734150 578.966349 198.489267 C5-TESLIM-n12 
579.059229 579.430748 223.282830 D5-TESLIM-n13 
579.523628 579.662948 251.173392 E5-TESLIM-n14 
579.755828 579.755828 264.662783 F5-TESLIM-n15 
579.848707 580.080907 334.911050 A5-TESLIM-n16 
580.127347 580.266667 297.722170 G5-TESLIM-n17 
580.313107 580.405986 264.662783 F5-TESLIM-n18 
580.498866 580.777506 251.173392 E5-TESLIM-n19 
580.823946 581.102585 223.282830 D5-TESLIM-n20 
581.288345 581.752744 198.489267 C5-TESLIM-n21 
581.799184 581.845624 185.925078 B4b1-TESLIM-n22 
581.892063 582.031383 198.489267 C5-TESLIM-n23 
582.124263 582.356463 223.282830 D5-TESLIM-n24 
582.402902 582.774422 198.489267 C5-TESLIM-n25 
582.867302 583.424580 185.925078 B4b1-TESLIM-n26 
583.517460 584.353379 223.282830 D5-TESLIM-n27 
584.446259 585.189297 198.489267 C5-TESLIM-n28 
585.235737 585.700136 223.282830 D5-TESLIM-n29 
585.793016 586.164535 198.489267 C5-TESLIM-n30 
586.257415 586.443175 297.722170 G5-TESLIM-n31 
586.489615 586.814694 264.662783 F5-TESLIM-n32 
586.907574 586.907574 251.173392 E5-TESLIM-n33 
587.000454 587.186213 223.282830 D5-TESLIM-n34 
587.279093 588.115011 198.489267 C5-TESLIM-n35 
588.207891 588.718730 185.925078 B4b1-TESLIM-n36 
588.811610 589.461769 198.489267 C5-TESLIM-n37 
589.508209 589.693968 167.455525 A4-TESLIM-n38 
589.740408 590.019048 251.173392 E5-TESLIM-n39 
590.065488 590.111927 223.282830 D5-TESLIM-n40 
590.158367 590.437007 223.282830 D5-TESLIM-n41 
590.529887 590.994286 198.489267 C5-TESLIM-n42 
591.087166 591.087166 198.489267 C5-TESLIM-n43 
591.133605 591.319365 185.925078 B4b1-TESLIM-n44 
591.365805 591.458685 185.925078 B4b1-TESLIM-n45 
591.505125 591.644444 167.455525 A4-TESLIM-n46 
591.737324 592.108844 198.489267 B4b1-TESLIM-n47 
592.201723 592.294603 185.925078 A4-TESLIM-n48 
592.341043 592.944762 167.455525 A4-TESLIM-n49 
592.991202 593.455601 167.455525 A4-TESLIM-n50 
594.384399 594.941678 223.282830 D5-TESLIM-n1 
595.034558 595.824036 334.911050 A5-TESLIM-n2 
595.870476 596.334875 297.722170 G5-TESLIM-n3 
596.427755 596.613515 352.897614 B5b5-TESLIM-n4 
596.706395 597.217234 334.911050 A5-TESLIM-n5 
597.310113 597.820952 297.722170 G5-TESLIM-n6 
597.913832 598.192472 264.662783 F5-TESLIM-n7 
598.285351 598.656871 251.173392 E5-TESLIM-n8 
598.749751 599.167710 223.282830 D5-TESLIM-n9 
599.214150 599.678549 251.173392 E5-TESLIM-n10 
599.724989 599.724989 223.282830 D5-TESLIM-n11 
599.817868 600.003628 198.489267 C5-TESLIM-n12 
600.050068 600.189388 223.282830 D5-TESLIM-n13 
600.282268 600.468027 251.173392 E5-TESLIM-n14 
600.560907 600.746667 264.662783 F5-TESLIM-n15 
600.839546 601.211066 334.911050 A5-TESLIM-n16 
601.257506 601.303946 297.722170 G5-TESLIM-n17 
601.350385 601.489705 264.662783 F5-TESLIM-n18 
601.536145 601.721905 251.173392 E5-TESLIM-n19 
601.814785 602.232744 223.282830 D5-TESLIM-n20 
602.325624 602.511383 198.489267 C5-TESLIM-n21 
602.604263 602.790023 185.925078 B4b1-TESLIM-n22 
602.882902 602.975782 198.489267 C5-TESLIM-n23 
603.068662 603.254422 223.282830 D5-TESLIM-n24 
603.347302 603.765261 198.489267 C5-TESLIM-n25 
603.858141 604.415420 185.925078 B4b1-TESLIM-n26 
604.508299 605.390658 223.282830 D5-TESLIM-n27 
605.483537 605.855057 198.489267 C5-TESLIM-n28 
605.947937 606.830295 223.282830 D5-TESLIM-n29 
606.923175 606.923175 198.489267 C5-TESLIM-n30 
607.108934 607.341134 297.722170 G5-TESLIM-n31 
607.387574 607.434014 264.662783 F5-TESLIM-n32 
607.480454 607.619773 251.173392 E5-TESLIM-n33 
607.712653 607.944853 223.282830 D5-TESLIM-n34 
607.991293 608.827211 198.489267 C5-TESLIM-n35 
608.873651 609.523810 185.925078 B4b1-TESLIM-n36 
609.570249 610.127528 198.489267 C5-TESLIM-n37 
610.173968 610.452608 167.455525 A4-TESLIM-n38 
610.545488 610.684807 251.173392 E5-TESLIM-n39 
610.731247 610.777687 223.282830 D5-TESLIM-n40 
610.824127 611.009887 223.282830 D5-TESLIM-n41 
611.102766 611.242086 198.489267 C5-TESLIM-n42 
611.288526 611.660045 198.489267 C5-TESLIM-n43 
611.706485 611.752925 185.925078 B4b1-TESLIM-n44 
611.799365 612.124444 185.925078 B4b1-TESLIM-n45 
612.217324 612.403084 167.455525 A4-TESLIM-n46 
612.495964 612.728163 198.489267 B4b1-TESLIM-n47 
612.821043 612.960363 185.925078 A4-TESLIM-n48 
613.006803 613.517642 167.455525 A4-TESLIM-n49 
613.564082 613.796281 167.455525 A4-TESLIM-n50 
614.910839 615.607438 278.876629 F5#4-2._HANE-n1 
615.653878 616.304036 297.722170 G5-2._HANE-n2 
616.396916 616.396916 297.722170 G5-2._HANE-n3 
616.489796 616.721995 278.876629 F5#4-2._HANE-n4 
616.768435 616.907755 278.876629 F5#4-2._HANE-n5 
616.954195 617.000635 264.662783 E5#4-2._HANE-n6 
617.047075 617.372154 264.662783 E5#4-2._HANE-n7 
617.465034 617.697234 223.282830 D5-2._HANE-n8 
617.743673 617.836553 223.282830 D5-2._HANE-n9 
617.882993 618.022313 264.662783 E5#4-2._HANE-n10 
618.115193 619.601270 278.876629 F5#4-2._HANE-n11 
619.694150 620.065669 371.850155 B5b1-2._HANE-n12 
620.112109 620.158549 334.911050 A5-2._HANE-n13 
620.204989 620.297868 297.722170 G5-2._HANE-n14 
620.390748 620.530068 278.876629 F5#4-2._HANE-n15 
620.576508 620.669388 251.173392 E5-2._HANE-n16 
620.855147 621.180227 223.282830 D5-2._HANE-n17 
621.226667 621.319546 297.722170 G5-2._HANE-n18 
621.365986 621.505306 264.662783 F5-2._HANE-n19 
621.551746 621.598186 251.173392 E5-2._HANE-n20 
621.737506 621.923265 223.282830 D5-2._HANE-n21 
622.016145 622.201905 209.149231 C5#4-2._HANE-n22 
622.294785 622.434104 223.282830 D5-2._HANE-n23 
622.480544 622.666304 188.372622 B4-2._HANE-n24 
622.759184 622.944943 209.149231 C5#4-2._HANE-n25 
623.037823 624.338141 167.455525 A4-2._HANE-n26 
624.431020 624.895420 167.455525 A4-2._HANE-n27 
624.988299 625.266939 185.925078 B4b1-2._HANE-n28 
625.359819 625.870658 209.149231 C5#4-2._HANE-n29 
625.963537 626.242177 223.282830 D5-2._HANE-n30 
626.381497 626.845896 251.173392 E5-2._HANE-n31 
626.892336 627.217415 278.876629 F5#4-2._HANE-n32 
627.356735 627.821134 223.282830 D5-2._HANE-n33 
627.914014 628.192653 278.876629 F5#4-2._HANE-n34 
628.239093 628.610612 297.722170 G5-2._HANE-n35 
628.703492 630.050249 334.911050 A5-2._HANE-n36 
630.143129 630.143129 278.876629 F5#4-2._HANE-n37 
630.236009 630.607528 223.282830 D5-2._HANE-n38 
630.653968 630.979048 334.911050 G5-2._HANE-n39 
631.071927 631.304127 297.722170 F5-2._HANE-n40 
631.350567 631.722086 264.662783 E5-2._HANE-n41 
631.768526 631.954286 251.173392 E5-2._HANE-n42 
632.000726 632.232925 251.173392 D5-2._HANE-n43 
632.325805 632.465125 223.282830 D5-2._HANE-n44 
632.558005 632.558005 223.282830 C5-2._HANE-n45 
632.650884 633.301043 198.489267 D5-2._HANE-n46 
633.393923 633.579683 223.282830 D5-2._HANE-n47 
634.183401 635.065760 278.876629 F5#4-2._HANE-n1 
635.158639 635.715918 297.722170 G5-2._HANE-n2 
635.808798 635.808798 297.722170 G5-2._HANE-n3 
635.901678 636.226757 278.876629 F5#4-2._HANE-n4 
636.319637 636.319637 278.876629 F5#4-2._HANE-n5 
636.412517 636.691156 264.662783 E5#4-2._HANE-n6 
636.737596 636.876916 264.662783 E5#4-2._HANE-n7 
636.923356 636.969796 223.282830 D5-2._HANE-n8 
637.016236 637.109116 223.282830 D5-2._HANE-n9 
637.248435 637.341315 264.662783 E5#4-2._HANE-n10 
637.434195 638.780952 278.876629 F5#4-2._HANE-n11 
638.873832 639.245351 371.850155 B5b1-2._HANE-n12 
639.291791 639.338231 334.911050 A5-2._HANE-n13 
639.384671 639.477551 297.722170 G5-2._HANE-n14 
639.570431 639.709751 278.876629 F5#4-2._HANE-n15 
639.756190 639.849070 251.173392 E5-2._HANE-n16 
639.895510 639.941950 223.282830 D5-2._HANE-n17 
639.988390 640.545669 297.722170 G5-2._HANE-n18 
640.638549 640.638549 264.662783 F5-2._HANE-n19 
640.684989 640.870748 251.173392 E5-2._HANE-n20 
640.917188 641.102948 223.282830 D5-2._HANE-n21 
641.195828 641.288707 209.149231 C5#4-2._HANE-n22 
641.381587 641.474467 223.282830 D5-2._HANE-n23 
641.567347 641.753107 188.372622 B4-2._HANE-n24 
641.799546 641.938866 209.149231 C5#4-2._HANE-n25 
642.078186 643.564263 167.455525 A4-2._HANE-n26 
643.610703 643.935782 167.455525 A4-2._HANE-n27 
644.028662 644.307302 185.925078 B4b1-2._HANE-n28 
644.493061 645.236100 209.149231 C5#4-2._HANE-n29 
645.328980 645.746939 223.282830 D5-2._HANE-n30 
645.793379 645.793379 251.173392 E5-2._HANE-n31 
645.886259 646.443537 278.876629 F5#4-2._HANE-n32 
646.536417 646.815057 223.282830 D5-2._HANE-n33 
646.861497 647.233016 278.876629 F5#4-2._HANE-n34 
647.279456 648.115374 297.722170 G5-2._HANE-n35 
648.161814 648.161814 334.911050 A5-2._HANE-n36 
648.254694 649.137052 278.876629 F5#4-2._HANE-n37 
649.229932 649.555011 223.282830 D5-2._HANE-n38 
649.647891 650.019410 334.911050 G5-2._HANE-n39 
650.065850 650.344490 297.722170 F5-2._HANE-n40 
650.437370 650.994649 264.662783 E5-2._HANE-n41 
651.041088 651.041088 251.173392 E5-2._HANE-n42 
651.133968 651.459048 251.173392 D5-2._HANE-n43 
651.551927 651.551927 223.282830 D5-2._HANE-n44 
651.598367 651.644807 223.282830 C5-2._HANE-n45 
651.691247 652.109206 198.489267 D5-2._HANE-n46 
652.155646 652.341406 223.282830 D5-2._HANE-n47 
653.409524 653.873923 223.282830 D5-TESLIM-n1 
653.966803 654.663401 334.911050 A5-TESLIM-n2 
654.756281 655.220680 297.722170 G5-TESLIM-n3 
655.267120 655.870839 352.897614 B5b5-TESLIM-n4 
655.917279 655.917279 334.911050 A5-TESLIM-n5 
656.056599 656.520998 297.722170 G5-TESLIM-n6 
656.567438 656.938957 264.662783 F5-TESLIM-n7 
656.985397 657.310476 251.173392 E5-TESLIM-n8 
657.449796 657.867755 223.282830 D5-TESLIM-n9 
657.960635 658.239274 251.173392 E5-TESLIM-n10 
658.285714 658.332154 223.282830 D5-TESLIM-n11 
658.378594 658.564354 198.489267 C5-TESLIM-n12 
658.610794 658.750113 223.282830 D5-TESLIM-n13 
658.842993 658.935873 251.173392 E5-TESLIM-n14 
659.028753 659.260952 264.662783 F5-TESLIM-n15 
659.353832 659.586032 334.911050 A5-TESLIM-n16 
659.678912 659.864671 297.722170 G5-TESLIM-n17 
659.911111 659.957551 264.662783 F5-TESLIM-n18 
660.003991 660.189751 251.173392 E5-TESLIM-n19 
660.329070 660.607710 223.282830 D5-TESLIM-n20 
660.700590 660.886349 198.489267 C5-TESLIM-n21 
660.932789 660.979229 185.925078 B4b1-TESLIM-n22 
661.025669 661.582948 198.489267 C5-TESLIM-n23 
661.722268 661.722268 223.282830 D5-TESLIM-n24 
661.815147 662.000907 198.489267 C5-TESLIM-n25 
662.093787 662.465306 185.925078 B4b1-TESLIM-n26 
662.558186 663.486984 223.282830 D5-TESLIM-n27 
663.579864 663.951383 198.489267 C5-TESLIM-n28 
664.044263 664.601542 223.282830 D5-TESLIM-n29 
664.647982 664.833741 198.489267 C5-TESLIM-n30 
664.926621 665.251701 297.722170 G5-TESLIM-n31 
665.344580 665.437460 264.662783 F5-TESLIM-n32 
665.483900 665.762540 251.173392 E5-TESLIM-n33 
665.901859 665.901859 223.282830 D5-TESLIM-n34 
665.948299 666.691338 198.489267 C5-TESLIM-n35 
666.784218 667.295057 185.925078 B4b1-TESLIM-n36 
667.387937 667.898776 198.489267 C5-TESLIM-n37 
667.945215 668.223855 167.455525 A4-TESLIM-n38 
668.270295 668.409615 251.173392 E5-TESLIM-n39 
668.456054 668.734694 223.282830 D5-TESLIM-n40 
668.781134 668.827574 223.282830 D5-TESLIM-n41 
668.874014 669.059773 198.489267 C5-TESLIM-n42 
669.152653 669.431293 198.489267 C5-TESLIM-n43 
669.524172 669.663492 185.925078 B4b1-TESLIM-n44 
669.709932 669.988571 185.925078 B4b1-TESLIM-n45 
670.174331 670.267211 167.455525 A4-TESLIM-n46 
670.360091 670.360091 198.489267 B4b1-TESLIM-n47 
670.406531 670.592290 185.925078 A4-TESLIM-n48 
670.638730 671.149569 167.455525 A4-TESLIM-n49 
671.242449 671.428209 167.455525 A4-TESLIM-n50 
672.403447 672.914286 223.282830 D5-TESLIM-n1 
672.960726 673.471565 334.911050 A5-TESLIM-n2 
673.564444 674.307483 297.722170 G5-TESLIM-n3 
674.353923 674.400363 352.897614 B5b5-TESLIM-n4 
674.446803 674.911202 334.911050 A5-TESLIM-n5 
674.957642 675.375601 297.722170 G5-TESLIM-n6 
675.468481 675.840000 264.662783 F5-TESLIM-n7 
675.932880 676.211519 251.173392 E5-TESLIM-n8 
676.304399 676.908118 223.282830 D5-TESLIM-n9 
676.954558 676.954558 251.173392 E5-TESLIM-n10 
677.000998 677.326077 223.282830 D5-TESLIM-n11 
677.418957 677.418957 198.489267 C5-TESLIM-n12 
677.465397 677.604717 223.282830 D5-TESLIM-n13 
677.651156 677.790476 251.173392 E5-TESLIM-n14 
677.883356 678.115556 264.662783 F5-TESLIM-n15 
678.161995 678.347755 334.911050 A5-TESLIM-n16 
678.440635 678.533515 297.722170 G5-TESLIM-n17 
678.579955 678.672834 264.662783 F5-TESLIM-n18 
678.765714 679.044354 251.173392 E5-TESLIM-n19 
679.137234 679.369433 223.282830 D5-TESLIM-n20 
679.462313 679.833832 198.489267 C5-TESLIM-n21 
679.880272 679.926712 185.925078 B4b1-TESLIM-n22 
679.973152 680.066032 198.489267 C5-TESLIM-n23 
680.112472 680.298231 223.282830 D5-TESLIM-n24 
680.437551 680.716190 198.489267 C5-TESLIM-n25 
680.809070 681.273469 185.925078 B4b1-TESLIM-n26 
681.366349 682.248707 223.282830 D5-TESLIM-n27 
682.341587 682.852426 198.489267 C5-TESLIM-n28 
682.945306 683.781224 223.282830 D5-TESLIM-n29 
683.827664 684.059864 198.489267 C5-TESLIM-n30 
684.106304 684.106304 297.722170 G5-TESLIM-n31 
684.152744 684.292063 264.662783 F5-TESLIM-n32 
684.338503 684.338503 251.173392 E5-TESLIM-n33 
684.477823 684.710023 223.282830 D5-TESLIM-n34 
684.802902 685.638821 198.489267 C5-TESLIM-n35 
685.685261 686.149660 185.925078 B4b1-TESLIM-n36 
686.242540 686.660499 198.489267 C5-TESLIM-n37 
686.706939 687.032018 167.455525 A4-TESLIM-n38 
687.124898 687.217778 251.173392 E5-TESLIM-n39 
687.310658 687.635737 223.282830 D5-TESLIM-n40 
687.682177 687.682177 223.282830 D5-TESLIM-n41 
687.821497 688.146576 198.489267 C5-TESLIM-n42 
688.239456 688.239456 198.489267 C5-TESLIM-n43 
688.332336 688.378776 185.925078 B4b1-TESLIM-n44 
688.425215 688.657415 185.925078 B4b1-TESLIM-n45 
688.750295 688.889615 167.455525 A4-TESLIM-n46 
688.936054 689.075374 198.489267 B4b1-TESLIM-n47 
689.214694 689.307574 185.925078 A4-TESLIM-n48 
689.354014 689.957732 167.455525 A4-TESLIM-n49 
690.004172 690.329252 167.455525 A4-TESLIM-n50 
691.072290 691.676009 223.282830 D5-3._HANE-n1 
691.768889 692.047528 334.911050 A5-3._HANE-n2 
692.140408 692.511927 334.911050 A5-3._HANE-n3 
692.604807 692.790567 297.722170 G5-3._HANE-n4 
692.837007 692.929887 268.146842 F5#1-3._HANE-n5 
693.022766 693.347846 251.173392 E5-3._HANE-n6 
693.394286 693.533605 278.876629 F5#4-3._HANE-n7 
693.580045 693.765805 297.722170 G5-3._HANE-n8 
693.858685 693.858685 278.876629 F5#4-3._HANE-n9 
693.951565 694.137324 297.722170 G5-3._HANE-n10 
694.276644 695.809161 334.911050 A5-3._HANE-n11 
695.855601 695.902041 278.876629 F5#4-3._HANE-n12 
695.948481 696.041361 297.722170 G5-3._HANE-n13 
696.134240 696.412880 334.911050 A5-3._HANE-n14 
696.459320 696.505760 371.850155 B5b1-3._HANE-n15 
696.552200 696.784399 396.978534 C6-3._HANE-n16 
696.830839 697.109478 371.850155 B5b1-3._HANE-n17 
697.155918 697.295238 371.850155 B5b1-3._HANE-n18 
697.341678 697.480998 334.911050 A5-3._HANE-n19 
697.527438 697.620317 334.911050 A5-3._HANE-n20 
697.713197 697.991837 371.850155 B5b1-3._HANE-n21 
698.038277 698.316916 334.911050 A5-3._HANE-n22 
698.363356 698.409796 297.722170 G5-3._HANE-n23 
698.456236 698.549116 278.876629 F5#4-3._HANE-n24 
698.641995 698.734875 264.662783 E5#4-3._HANE-n25 
698.874195 700.128073 278.876629 F5#4-3._HANE-n26 
700.220952 700.406712 251.173392 E5-3._HANE-n27 
700.453152 700.592472 278.876629 F5#4-3._HANE-n28 
700.685351 701.614150 297.722170 G5-3._HANE-n29 
701.707029 702.542948 297.722170 G5-3._HANE-n30 
702.589388 702.868027 278.876629 F5#4-3._HANE-n31 
702.960907 702.960907 334.911050 A5-3._HANE-n32 
703.007347 703.053787 371.850155 B5b1-3._HANE-n33 
703.100227 703.239546 334.911050 A5-3._HANE-n34 
703.332426 703.564626 297.722170 G5-3._HANE-n35 
703.611066 703.657506 268.146842 F5#1-3._HANE-n36 
703.703946 703.796825 251.173392 E5-3._HANE-n37 
703.843265 704.400544 223.282830 D5-3._HANE-n38 
704.493424 704.493424 313.711487 G5#4-3._HANE-n39 
704.586304 704.772063 334.911050 A5-3._HANE-n40 
704.818503 705.236463 396.978534 B5b1-3._HANE-n41 
705.282902 705.375782 371.850155 A5-3._HANE-n42 
705.422222 705.654422 334.911050 G5#4-3._HANE-n43 
705.700862 705.747302 313.711487 F5-3._HANE-n44 
705.793741 705.840181 264.662783 E5-3._HANE-n45 
705.886621 705.979501 251.173392 F5-3._HANE-n46 
706.072381 706.443900 264.662783 A5-3._HANE-n47 
706.490340 706.536780 334.911050 G5#4-3._HANE-n48 
706.583220 706.676100 313.711487 F5-3._HANE-n49 
706.768980 707.094059 264.662783 E5-3._HANE-n50 
707.140499 707.372698 251.173392 E5-3._HANE-n51 
707.512018 707.604898 251.173392 D5-3._HANE-n52 
707.651338 707.697778 223.282830 D5-3._HANE-n53 
707.744218 707.837098 251.173392 C5#4-3._HANE-n54 
707.929977 708.765896 223.282830 D5-3._HANE-n55 
708.812336 709.044535 209.149231 D5-3._HANE-n56 
709.648254 710.159093 223.282830 D5-TESLIM-n1 
710.298413 710.995011 334.911050 A5-TESLIM-n2 
711.087891 711.552290 297.722170 G5-TESLIM-n3 
711.645170 712.109569 352.897614 B5b5-TESLIM-n4 
712.202449 712.202449 334.911050 A5-TESLIM-n5 
712.295329 712.806168 297.722170 G5-TESLIM-n6 
712.899048 713.177687 264.662783 F5-TESLIM-n7 
713.270567 713.642086 251.173392 E5-TESLIM-n8 
713.734966 714.106485 223.282830 D5-TESLIM-n9 
714.199365 714.478005 251.173392 E5-TESLIM-n10 
714.524444 714.570884 223.282830 D5-TESLIM-n11 
714.617324 714.849524 198.489267 C5-TESLIM-n12 
714.895964 715.035283 223.282830 D5-TESLIM-n13 
715.174603 715.267483 251.173392 E5-TESLIM-n14 
715.360363 715.546122 264.662783 F5-TESLIM-n15 
715.639002 716.056961 334.911050 A5-TESLIM-n16 
716.103401 716.103401 297.722170 G5-TESLIM-n17 
716.149841 716.196281 264.662783 F5-TESLIM-n18 
716.289161 716.614240 251.173392 E5-TESLIM-n19 
716.660680 716.846440 223.282830 D5-TESLIM-n20 
716.985760 717.125079 198.489267 C5-TESLIM-n21 
717.217959 717.357279 185.925078 B4b1-TESLIM-n22 
717.450159 717.635918 198.489267 C5-TESLIM-n23 
717.682358 717.821678 223.282830 D5-TESLIM-n24 
717.914558 718.239637 198.489267 C5-TESLIM-n25 
718.332517 718.843356 185.925078 B4b1-TESLIM-n26 
718.889796 719.632834 223.282830 D5-TESLIM-n27 
719.772154 720.700952 198.489267 C5-TESLIM-n28 
720.747392 721.026032 223.282830 D5-TESLIM-n29 
721.072472 721.304671 198.489267 C5-TESLIM-n30 
721.351111 721.490431 297.722170 G5-TESLIM-n31 
721.536871 721.676190 264.662783 F5-TESLIM-n32 
721.722630 721.722630 251.173392 E5-TESLIM-n33 
721.815510 721.954830 223.282830 D5-TESLIM-n34 
722.047710 722.930068 198.489267 C5-TESLIM-n35 
723.022948 723.440907 185.925078 B4b1-TESLIM-n36 
723.533787 724.044626 198.489267 C5-TESLIM-n37 
724.091066 724.323265 167.455525 A4-TESLIM-n38 
724.369705 724.601905 251.173392 E5-TESLIM-n39 
724.694785 724.741224 223.282830 D5-TESLIM-n40 
724.787664 724.973424 223.282830 D5-TESLIM-n41 
725.019864 725.252063 198.489267 C5-TESLIM-n42 
725.298503 725.484263 198.489267 C5-TESLIM-n43 
725.530703 725.623583 185.925078 B4b1-TESLIM-n44 
725.670023 725.902222 185.925078 B4b1-TESLIM-n45 
725.995102 726.134422 167.455525 A4-TESLIM-n46 
726.227302 726.459501 198.489267 B4b1-TESLIM-n47 
726.552381 726.831020 185.925078 A4-TESLIM-n48 
726.877460 727.434739 167.455525 A4-TESLIM-n49 
727.481179 727.806259 167.455525 A4-TESLIM-n50 
728.084898 728.735057 223.282830 D5-TESLIM-n1 
728.781497 729.617415 334.911050 A5-TESLIM-n2 
729.710295 730.267574 297.722170 G5-TESLIM-n3 
730.314014 730.685533 352.897614 B5b5-TESLIM-n4 
730.731973 730.731973 334.911050 A5-TESLIM-n5 
730.871293 731.335692 297.722170 G5-TESLIM-n6 
731.428571 731.800091 264.662783 F5-TESLIM-n7 
731.892971 732.403810 251.173392 E5-TESLIM-n8 
732.450249 732.636009 223.282830 D5-TESLIM-n9 
732.821769 733.007528 251.173392 E5-TESLIM-n10 
733.053968 733.100408 223.282830 D5-TESLIM-n11 
733.146848 733.379048 198.489267 C5-TESLIM-n12 
733.471927 733.564807 223.282830 D5-TESLIM-n13 
733.657687 733.797007 251.173392 E5-TESLIM-n14 
733.889887 734.075646 264.662783 F5-TESLIM-n15 
734.168526 734.354286 334.911050 A5-TESLIM-n16 
734.447166 734.540045 297.722170 G5-TESLIM-n17 
734.632925 735.050884 264.662783 F5-TESLIM-n18 
735.097324 735.097324 251.173392 E5-TESLIM-n19 
735.190204 735.375964 223.282830 D5-TESLIM-n20 
735.468844 735.654603 198.489267 C5-TESLIM-n21 
735.747483 735.886803 185.925078 B4b1-TESLIM-n22 
735.979683 736.165442 198.489267 C5-TESLIM-n23 
736.211882 736.351202 223.282830 D5-TESLIM-n24 
736.444082 737.001361 198.489267 C5-TESLIM-n25 
737.094240 737.930159 185.925078 B4b1-TESLIM-n26 
737.976599 738.348118 223.282830 D5-TESLIM-n27 
738.394558 738.719637 198.489267 C5-TESLIM-n28 
738.812517 739.509116 223.282830 D5-TESLIM-n29 
739.601995 739.741315 198.489267 C5-TESLIM-n30 
739.787755 739.880635 297.722170 G5-TESLIM-n31 
739.973515 740.066395 264.662783 F5-TESLIM-n32 
740.159274 740.391474 251.173392 E5-TESLIM-n33 
740.437914 740.577234 223.282830 D5-TESLIM-n34 
740.670113 742.713469 198.489267 C5-TESLIM-n35 
742.759909 742.759909 185.925078 B4b1-TESLIM-n36 
742.852789 743.038549 198.489267 C5-TESLIM-n37 
743.084989 743.270748 167.455525 A4-TESLIM-n38 
743.317188 743.363628 251.173392 E5-TESLIM-n39 
743.410068 743.456508 223.282830 D5-TESLIM-n40 
743.502948 743.595828 223.282830 D5-TESLIM-n41 
743.642268 743.688707 198.489267 C5-TESLIM-n42 
743.735147 744.013787 198.489267 C5-TESLIM-n43 
744.060227 744.199546 185.925078 B4b1-TESLIM-n44 
744.245986 744.431746 185.925078 B4b1-TESLIM-n45 
744.571066 744.710385 167.455525 A4-TESLIM-n46 
744.803265 744.989025 198.489267 B4b1-TESLIM-n47 
745.035465 745.267664 185.925078 A4-TESLIM-n48 
745.360544 746.567982 167.455525 A4-TESLIM-n49 
746.614422 746.614422 167.455525 A4-TESLIM-n50 
747.496780 747.868299 167.455525 A4-4._HANE-n1 
747.914739 748.007619 188.372622 B4-4._HANE-n2 
748.100499 748.332698 209.149231 C5#4-4._HANE-n3 
748.425578 748.657778 223.282830 D5-4._HANE-n4 
748.750658 749.029297 251.173392 E5-4._HANE-n5 
749.122177 749.447256 264.662783 F5-4._HANE-n6 
749.540136 749.679456 251.173392 E5-4._HANE-n7 
749.818776 749.958095 223.282830 D5-4._HANE-n8 
750.097415 750.654694 251.173392 E5-4._HANE-n9 
750.701134 750.701134 223.282830 D5-4._HANE-n10 
750.747574 750.933333 209.149231 C5#4-4._HANE-n11 
751.026213 751.351293 223.282830 D5-4._HANE-n12 
751.444172 752.001451 209.149231 C5#4-4._HANE-n13 
752.047891 753.255329 223.282830 D5-4._HANE-n14 
753.348209 753.580408 251.173392 E5-4._HANE-n15 
753.673288 753.859048 264.662783 F5-4._HANE-n16 
753.951927 754.184127 251.173392 E5-4._HANE-n17 
754.230567 754.416327 223.282830 D5-4._HANE-n18 
754.509206 754.694966 209.149231 C5#4-4._HANE-n19 
754.741406 754.880726 185.925078 B4b1-4._HANE-n20 
754.927166 755.345125 198.489267 C5-4._HANE-n21 
755.438005 755.855964 223.282830 D5-4._HANE-n22 
755.902404 756.134603 198.489267 C5-4._HANE-n23 
756.181043 756.413243 185.925078 B4b1-4._HANE-n24 
756.459683 756.970522 198.489267 C5-4._HANE-n25 
757.063401 757.574240 223.282830 D5-4._HANE-n26 
757.667120 758.177959 198.489267 C5-4._HANE-n27 
758.270839 758.270839 251.173392 E5-4._HANE-n28 
758.317279 758.456599 223.282830 D5-4._HANE-n29 
758.549478 758.828118 198.489267 C5-4._HANE-n30 
758.874558 760.360635 185.925078 B4b1-4._HANE-n31 
760.407075 761.800272 185.925078 B4b1-4._HANE-n32 
762.543311 762.821950 167.455525 A4-4._HANE-n33 
762.868390 763.100590 185.925078 B4b1-4._HANE-n34 
763.193469 763.704308 198.489267 C5-4._HANE-n35 
763.750748 764.168707 198.489267 C5-4._HANE-n36 
764.261587 764.493787 223.282830 D5-4._HANE-n37 
764.540227 764.679546 198.489267 C5-4._HANE-n38 
764.725986 764.911746 185.925078 B4b1-4._HANE-n39 
765.004626 765.376145 185.925078 B4b1-4._HANE-n40 
765.422585 765.654785 198.489267 C5-4._HANE-n41 
765.701224 765.933424 185.925078 B4b1-4._HANE-n42 
765.979864 766.119184 167.455525 A4-4._HANE-n43 
766.212063 767.047982 167.455525 A4-4._HANE-n44 
767.140862 767.280181 251.173392 E5-4._HANE-n45 
767.326621 767.698141 251.173392 E5-4._HANE-n46 
767.744580 768.069660 223.282830 D5-4._HANE-n47 
768.116100 768.348299 198.489267 C5-4._HANE-n48 
768.394739 768.580499 185.925078 B4b1-4._HANE-n49 
768.626939 768.812698 167.455525 A4-4._HANE-n50 
768.859138 769.137778 185.925078 B4b1-4._HANE-n51 
769.230658 769.323537 167.455525 A4-4._HANE-n52 
769.369977 769.695057 148.861085 G4-4._HANE-n53 
769.741497 770.252336 139.438314 F4#4-4._HANE-n54 
770.345215 770.809615 148.861085 G4-4._HANE-n55 
770.902494 771.181134 148.861085 G4-4._HANE-n56 
771.227574 771.552653 167.455525 A4-4._HANE-n57 
771.599093 771.831293 148.861085 G4-4._HANE-n58 
771.924172 772.249252 139.438314 F4#4-4._HANE-n59 
772.342132 772.992290 139.438314 F4#4-4._HANE-n60 
773.085170 773.363810 125.586696 E4-4._HANE-n61 
773.456689 773.921088 111.641415 D4-4._HANE-n62 
773.967528 774.060408 125.586696 E4-4._HANE-n63 
774.106848 774.339048 111.641415 D4-4._HANE-n64 
774.385488 774.617687 125.586696 E4-4._HANE-n65 
774.664127 775.453605 125.586696 E4-4._HANE-n66 
775.500045 775.825125 125.586696 E4-4._HANE-n67 
777.171882 778.704399 NaN D4-4._HANE-n68 
778.797279 779.029478 111.641415 D4-4._HANE-n69 
779.075918 779.447438 111.641415 E4-4._HANE-n70 
779.540317 779.679637 125.586696 F4#4-4._HANE-n71 
779.772517 780.144036 139.438314 G4-4._HANE-n72 
780.236916 780.515556 148.861085 F4#4-4._HANE-n73 
780.561995 780.794195 139.438314 E4-4._HANE-n74 
780.887075 781.908753 125.586696 D4-4._HANE-n75 
782.001633 782.466032 111.641415 G4-4._HANE-n76 
782.512472 782.651791 148.861085 F4#4-4._HANE-n77 
782.698231 783.069751 139.438314 E4-4._HANE-n78 
783.162630 783.766349 125.586696 F4#4-4._HANE-n79 
783.859229 784.230748 139.438314 G4-4._HANE-n80 
784.277188 786.320544 148.861085 A4-4._HANE-n81 
786.366984 787.342222 167.455525 A4-4._HANE-n82 
787.435102 787.620862 167.455525 A4-4._HANE-n83 
787.760181 787.899501 167.455525 B4-4._HANE-n84 
787.992381 788.271020 188.372622 C5#4-4._HANE-n85 
788.363900 788.549660 209.149231 D5-4._HANE-n86 
788.642540 788.874739 223.282830 C5#4-4._HANE-n87 
788.921179 789.106939 209.149231 B4-4._HANE-n88 
789.199819 789.942857 188.372622 A4-4._HANE-n89 
790.035737 790.732336 167.455525 F5#4-4._HANE-n90 
790.918095 791.289615 278.876629 D5-4._HANE-n91 
791.336054 791.893333 223.282830 E5-4._HANE-n92 
791.939773 792.125533 251.173392 C5#4-4._HANE-n93 
792.218413 793.936689 209.149231 D5-4._HANE-n94 
793.983129 794.168889 223.282830 D5-4._HANE-n95 
794.215329 794.865488 223.282830 E5-4._HANE-n96 
794.958367 795.144127 251.173392 F5-4._HANE-n97 
795.190567 795.840726 264.662783 F5-4._HANE-n98 
795.933605 796.165805 264.662783 E5-4._HANE-n99 
796.212245 796.908844 251.173392 F5-4._HANE-n100 
796.955283 797.233923 264.662783 E5-4._HANE-n101 
797.280363 797.605442 251.173392 A5-4._HANE-n102 
797.651882 797.791202 334.911050 G5-4._HANE-n103 
797.837642 798.116281 297.722170 F5-4._HANE-n104 
798.209161 798.905760 264.662783 E5-4._HANE-n105 
798.952200 799.137959 251.173392 D5-4._HANE-n106 
799.184399 799.509478 223.282830 D5-4._HANE-n107 
799.555918 799.648798 223.282830 F5-4._HANE-n108 
799.741678 800.113197 264.662783 E5-4._HANE-n109 
800.159637 800.298957 251.173392 D5-4._HANE-n110 
800.391837 800.577596 223.282830 C5-4._HANE-n111 
800.670476 800.809796 198.489267 B4b1-4._HANE-n112 
800.856236 801.599274 185.925078 C5-4._HANE-n113 
801.692154 802.574512 198.489267 B4b1-4._HANE-n114 
802.620952 802.806712 185.925078 C5-4._HANE-n115 
802.899592 803.456871 198.489267 D5-4._HANE-n116 
803.503311 803.735510 223.282830 C5-4._HANE-n117 
803.781950 804.339229 198.489267 E5-4._HANE-n118 
804.432109 804.803628 251.173392 D5-4._HANE-n119 
804.850068 805.268027 223.282830 C5-4._HANE-n120 
805.360907 805.732426 198.489267 B4b1-4._HANE-n121 
805.778866 806.150385 185.925078 B4b1-4._HANE-n122 
806.196825 806.289705 185.925078 A4-4._HANE-n123 
806.336145 806.893424 167.455525 A4-4._HANE-n124 
806.986304 807.264943 167.455525 B4b1-4._HANE-n125 
807.357823 807.450703 185.925078 A4-4._HANE-n126 
807.497143 808.890340 167.455525 A4-4._HANE-n127 
808.983220 809.447619 167.455525 A4-4._HANE-n128 
809.494059 810.004898 167.455525 E5-4._HANE-n129 
810.097778 810.329977 251.173392 F5-4._HANE-n130 
810.376417 810.980136 264.662783 F5-4._HANE-n131 
811.073016 811.258776 264.662783 E5-4._HANE-n132 
811.351655 811.862494 251.173392 F5-4._HANE-n133 
811.955374 812.187574 264.662783 E5-4._HANE-n134 
812.280454 812.559093 251.173392 A5-4._HANE-n135 
812.605533 812.837732 334.911050 G5-4._HANE-n136 
812.884172 813.209252 297.722170 F5-4._HANE-n137 
813.302132 813.812971 264.662783 E5-4._HANE-n138 
813.905850 814.138050 251.173392 D5-4._HANE-n139 
814.184490 814.556009 223.282830 D5-4._HANE-n140 
814.602449 814.741769 223.282830 F5-4._HANE-n141 
814.788209 814.973968 264.662783 E5-4._HANE-n142 
815.020408 815.206168 251.173392 D5-4._HANE-n143 
815.252608 815.484807 223.282830 C5-4._HANE-n144 
815.531247 815.809887 198.489267 B4b1-4._HANE-n145 
815.902766 816.878005 185.925078 C5-4._HANE-n146 
816.924444 817.435283 198.489267 B4b1-4._HANE-n147 
817.481723 817.713923 185.925078 C5-4._HANE-n148 
817.806803 818.456961 198.489267 D5-4._HANE-n149 
818.503401 818.735601 223.282830 C5-4._HANE-n150 
818.828481 819.478639 198.489267 E5-4._HANE-n151 
819.525079 819.850159 251.173392 D5-4._HANE-n152 
819.943039 820.453878 223.282830 C5-4._HANE-n153 
820.546757 820.778957 198.489267 B4b1-4._HANE-n154 
820.871837 821.289796 185.925078 B4b1-4._HANE-n155 
821.336236 821.568435 185.925078 A4-4._HANE-n156 
821.614875 822.079274 167.455525 A4-4._HANE-n157 
822.172154 822.636553 167.455525 B4b1-4._HANE-n158 
822.729433 822.636553 185.925078 A4-4._HANE-n159 
822.729433 823.890431 167.455525 A4-4._HANE-n160 
823.983311 823.983311 167.455525 A4-4._HANE-n161 
825.840907 826.305306 223.282830 D5-TESLIM-n1 
826.676825 827.373424 334.911050 A5-TESLIM-n2 
827.419864 828.209342 297.722170 G5-TESLIM-n3 
828.255782 828.302222 352.897614 B5b5-TESLIM-n4 
828.348662 828.859501 334.911050 A5-TESLIM-n5 
828.952381 829.370340 297.722170 G5-TESLIM-n6 
829.416780 829.927619 264.662783 F5-TESLIM-n7 
830.020499 830.392018 251.173392 E5-TESLIM-n8 
830.484898 830.902857 223.282830 D5-TESLIM-n9 
830.995737 831.181497 251.173392 E5-TESLIM-n10 
831.274376 831.367256 223.282830 D5-TESLIM-n11 
831.460136 831.645896 198.489267 C5-TESLIM-n12 
831.692336 831.831655 223.282830 D5-TESLIM-n13 
831.970975 832.110295 251.173392 E5-TESLIM-n14 
832.203175 832.435374 264.662783 F5-TESLIM-n15 
832.528254 832.946213 334.911050 A5-TESLIM-n16 
832.992653 833.039093 297.722170 G5-TESLIM-n17 
833.085533 833.224853 264.662783 F5-TESLIM-n18 
833.271293 833.364172 251.173392 E5-TESLIM-n19 
833.410612 834.014331 223.282830 D5-TESLIM-n20 
834.060771 834.153651 198.489267 C5-TESLIM-n21 
834.246531 834.385850 185.925078 B4b1-TESLIM-n22 
834.478730 834.618050 198.489267 C5-TESLIM-n23 
834.664490 834.943129 223.282830 D5-TESLIM-n24 
835.036009 835.361088 198.489267 C5-TESLIM-n25 
835.453968 835.871927 185.925078 B4b1-TESLIM-n26 
836.057687 836.940045 223.282830 D5-TESLIM-n27 
837.032925 837.497324 198.489267 C5-TESLIM-n28 
837.590204 838.426122 223.282830 D5-TESLIM-n29 
838.519002 838.519002 198.489267 C5-TESLIM-n30 
838.611882 838.797642 297.722170 G5-TESLIM-n31 
838.983401 839.029841 264.662783 F5-TESLIM-n32 
839.076281 839.215601 251.173392 E5-TESLIM-n33 
839.308481 839.494240 223.282830 D5-TESLIM-n34 
839.587120 840.469478 198.489267 C5-TESLIM-n35 
840.562358 841.026757 185.925078 B4b1-TESLIM-n36 
841.119637 841.862676 198.489267 C5-TESLIM-n37 
841.909116 842.094875 167.455525 A4-TESLIM-n38 
842.141315 842.327075 251.173392 E5-TESLIM-n39 
842.419955 842.559274 223.282830 D5-TESLIM-n40 
842.605714 842.745034 223.282830 D5-TESLIM-n41 
842.884354 842.930794 198.489267 C5-TESLIM-n42 
842.977234 843.348753 198.489267 C5-TESLIM-n43 
843.395193 843.673832 185.925078 B4b1-TESLIM-n44 
843.720272 843.813152 185.925078 B4b1-TESLIM-n45 
843.859592 843.998912 167.455525 A4-TESLIM-n46 
844.091791 844.323991 198.489267 B4b1-TESLIM-n47 
844.370431 844.463311 185.925078 A4-TESLIM-n48 
844.509751 844.927710 167.455525 A4-TESLIM-n49 
844.974150 845.392109 167.455525 A4-TESLIM-n50 
846.088707 846.599546 223.282830 D5-TESLIM-n1 
846.692426 847.296145 334.911050 A5-TESLIM-n2 
847.389025 847.992744 297.722170 G5-TESLIM-n3 
848.085624 848.085624 352.897614 B5b5-TESLIM-n4 
848.132063 848.503583 334.911050 A5-TESLIM-n5 
848.550023 848.921542 297.722170 G5-TESLIM-n6 
849.014422 849.293061 264.662783 F5-TESLIM-n7 
849.339501 849.664580 251.173392 E5-TESLIM-n8 
849.757460 850.082540 223.282830 D5-TESLIM-n9 
850.175420 850.314739 251.173392 E5-TESLIM-n10 
850.361179 850.407619 223.282830 D5-TESLIM-n11 
850.546939 850.639819 198.489267 C5-TESLIM-n12 
850.732698 850.825578 223.282830 D5-TESLIM-n13 
850.918458 851.011338 251.173392 E5-TESLIM-n14 
851.104218 851.336417 264.662783 F5-TESLIM-n15 
851.382857 851.568617 334.911050 A5-TESLIM-n16 
851.615057 851.661497 297.722170 G5-TESLIM-n17 
851.707937 851.800816 264.662783 F5-TESLIM-n18 
851.893696 851.986576 251.173392 E5-TESLIM-n19 
852.033016 852.265215 223.282830 D5-TESLIM-n20 
852.358095 852.497415 198.489267 C5-TESLIM-n21 
852.590295 852.729615 185.925078 B4b1-TESLIM-n22 
852.822494 852.915374 198.489267 C5-TESLIM-n23 
852.961814 853.101134 223.282830 D5-TESLIM-n24 
853.286893 853.472653 198.489267 C5-TESLIM-n25 
853.519093 853.937052 185.925078 B4b1-TESLIM-n26 
853.983492 854.772971 223.282830 D5-TESLIM-n27 
854.865850 855.144490 198.489267 C5-TESLIM-n28 
855.237370 855.794649 223.282830 D5-TESLIM-n29 
855.887528 856.119728 198.489267 C5-TESLIM-n30 
856.212608 856.212608 297.722170 G5-TESLIM-n31 
856.259048 856.305488 264.662783 F5-TESLIM-n32 
856.351927 856.398367 251.173392 E5-TESLIM-n33 
856.444807 857.466485 223.282830 D5-TESLIM-n34 
857.512925 857.512925 198.489267 C5-TESLIM-n35 
857.559365 857.745125 185.925078 B4b1-TESLIM-n36 
857.838005 858.673923 198.489267 C5-TESLIM-n37 
858.720363 858.859683 167.455525 A4-TESLIM-n38 
858.906122 858.999002 251.173392 E5-TESLIM-n39 
859.045442 859.138322 223.282830 D5-TESLIM-n40 
859.184762 859.277642 223.282830 D5-TESLIM-n41 
859.370522 859.556281 198.489267 C5-TESLIM-n42 
859.602721 859.881361 198.489267 C5-TESLIM-n43 
859.927800 860.206440 185.925078 B4b1-TESLIM-n44 
860.252880 860.624399 185.925078 B4b1-TESLIM-n45 
860.670839 860.670839 167.455525 A4-TESLIM-n46 
860.763719 860.903039 198.489267 B4b1-TESLIM-n47 
860.949478 860.995918 185.925078 A4-TESLIM-n48 
861.042358 861.692517 167.455525 A4-TESLIM-n49 
861.738957 862.342676 167.455525 A4-TESLIM-n50 
