168.437551 168.762630 165.712639 A4-1._HANE-n1 
168.809070 168.948390 220.958890 D5-1._HANE-n2 
168.994830 169.041270 220.958890 D5-1._HANE-n3 
169.087710 169.134150 248.559165 E5-1._HANE-n4 
169.180590 169.227029 220.958890 D5-1._HANE-n5 
169.273469 169.319909 206.972394 C5#4-1._HANE-n6 
169.366349 169.552109 206.972394 C5#4-1._HANE-n7 
169.598549 169.644989 220.958890 D5-1._HANE-n8 
169.691429 169.877188 206.972394 C5#4-1._HANE-n9 
170.016508 170.109388 174.612318 B4b5-1._HANE-n10 
170.248707 170.480907 206.972394 C5#4-1._HANE-n11 
170.573787 170.713107 174.612318 B4b5-1._HANE-n12 
170.759546 171.038186 165.712639 A4-1._HANE-n13 
171.084626 171.177506 165.712639 A4-1._HANE-n14 
171.223946 171.827664 165.712639 A4-1._HANE-n15 
171.920544 172.059864 174.612318 B4b5-1._HANE-n16 
172.106304 172.292063 206.972394 C5#4-1._HANE-n17 
172.384943 172.524263 220.958890 D5-1._HANE-n18 
172.617143 172.756463 206.972394 C5#4-1._HANE-n19 
172.895782 172.988662 174.612318 B4b5-1._HANE-n20 
173.081542 173.220862 165.712639 A4-1._HANE-n21 
173.313741 173.499501 174.612318 B4b5-1._HANE-n22 
173.592381 173.731701 165.712639 A4-1._HANE-n23 
173.824580 173.871020 147.311731 G4-1._HANE-n24 
173.917460 174.196100 206.972394 C5#4-1._HANE-n25 
174.242540 174.288980 220.958890 D5-1._HANE-n26 
174.381859 174.567619 248.559165 E5-1._HANE-n27 
174.660499 174.799819 206.972394 C5#4-1._HANE-n28 
174.846259 175.124898 220.958890 D5-1._HANE-n29 
175.171338 176.239456 220.958890 D5-1._HANE-n30 
176.332336 177.075374 261.908158 F5-1._HANE-n31 
177.121814 177.493333 261.908158 F5-1._HANE-n32 
177.586213 177.725533 261.908158 F5-1._HANE-n33 
177.771973 177.911293 294.623461 G5-1._HANE-n34 
178.004172 178.236372 261.908158 F5-1._HANE-n35 
178.329252 178.607891 248.559165 E5-1._HANE-n36 
178.654331 178.747211 248.559165 E5-1._HANE-n37 
178.793651 178.840091 261.908158 F5-1._HANE-n38 
178.886531 179.025850 248.559165 E5-1._HANE-n39 
179.072290 179.258050 220.958890 D5-1._HANE-n40 
179.350930 179.629569 206.972394 C5#4-1._HANE-n41 
179.676009 179.768889 220.958890 D5-1._HANE-n42 
179.815329 180.093968 248.559165 E5-1._HANE-n43 
180.140408 180.372608 248.559165 E5-1._HANE-n44 
180.419048 181.347846 220.958890 D5-1._HANE-n45 
181.440726 181.626485 349.224636 B5b5-1._HANE-n46 
181.672925 181.672925 331.425277 A5-1._HANE-n47 
181.719365 181.905125 294.623461 G5-1._HANE-n48 
181.951565 181.998005 294.623461 G5-1._HANE-n49 
182.044444 182.323084 261.908158 F5-1._HANE-n50 
182.415964 182.694603 261.908158 F5-1._HANE-n51 
182.787483 183.019683 248.559165 E5-1._HANE-n52 
183.112562 183.391202 248.559165 E5-1._HANE-n53 
183.437642 183.484082 220.958890 D5-1._HANE-n54 
183.530522 183.576961 220.958890 D5-1._HANE-n55 
183.623401 183.623401 206.972394 C5#4-1._HANE-n56 
183.669841 184.227120 220.958890 D5-1._HANE-n57 
184.320000 184.320000 220.958890 D5-1._HANE-n58 
185.388118 185.991837 220.958890 D5-TESLIM-n1 
186.084717 186.224036 206.972394 C5#4-TESLIM-n2 
186.316916 186.456236 220.958890 D5-TESLIM-n3 
186.549116 187.152834 235.890546 E5b4-TESLIM-n4 
187.245714 187.385034 275.974065 F5#4-TESLIM-n5 
187.477914 187.988753 220.958890 D5-TESLIM-n6 
188.081633 188.220952 235.890546 E5b4-TESLIM-n7 
188.313832 188.685351 220.958890 D5-TESLIM-n8 
188.778231 189.103311 206.972394 C5#4-TESLIM-n9 
189.196190 189.567710 174.612318 B4b5-TESLIM-n10 
189.660590 189.985669 206.972394 C5#4-TESLIM-n11 
190.078549 190.496508 220.958890 D5-TESLIM-n12 
190.589388 190.728707 275.974065 F5#4-TESLIM-n13 
190.821587 191.007347 235.890546 E5b4-TESLIM-n14 
191.053787 191.332426 235.890546 E5b4-TESLIM-n15 
191.425306 191.518186 220.958890 D5-TESLIM-n16 
191.564626 191.611066 220.958890 D5-TESLIM-n17 
191.657506 191.703946 206.972394 C5#4-TESLIM-n18 
191.750385 191.843265 206.972394 C5#4-TESLIM-n19 
191.936145 192.214785 174.612318 B4b5-TESLIM-n20 
192.307664 192.679184 174.612318 B4b5-TESLIM-n21 
192.772063 192.911383 165.712639 A4-TESLIM-n22 
192.957823 193.700862 147.311731 G4-TESLIM-n23 
193.747302 193.886621 147.311731 G4-TESLIM-n24 
193.933061 194.954739 196.423379 C5-TESLIM-n25 
195.047619 195.419138 196.423379 C5-TESLIM-n26 
195.465578 195.604898 196.423379 C5-TESLIM-n27 
195.697778 195.790658 220.958890 D5-TESLIM-n28 
195.883537 196.069297 196.423379 C5-TESLIM-n29 
196.162177 196.301497 174.612318 B4b5-TESLIM-n30 
196.347937 196.487256 174.612318 B4b5-TESLIM-n31 
196.580136 196.719456 196.423379 C5-TESLIM-n32 
196.812336 196.951655 174.612318 B4b5-TESLIM-n33 
197.044535 197.276735 165.712639 A4-TESLIM-n34 
197.369615 197.880454 165.712639 A4-TESLIM-n35 
197.926893 198.066213 147.311731 G4-TESLIM-n36 
198.112653 198.577052 130.954079 F4-TESLIM-n37 
198.623492 198.948571 124.279582 E4-TESLIM-n38 
198.995011 199.320091 130.954079 F4-TESLIM-n39 
199.412971 200.063129 147.311731 G4-TESLIM-n40 
200.156009 200.527528 147.311731 G4-TESLIM-n41 
200.620408 200.899048 130.954079 F4-TESLIM-n42 
200.991927 201.363447 130.954079 F4-TESLIM-n43 
201.456327 201.642086 124.279582 E4-TESLIM-n44 
201.688526 201.781406 124.279582 E4-TESLIM-n45 
201.874286 202.013605 110.479445 D4-TESLIM-n46 
202.106485 202.013605 110.479445 D4-TESLIM-n47 
202.106485 202.013605 103.486197 C4#4-TESLIM-n48 
202.106485 202.013605 110.479445 D4-TESLIM-n49 
202.106485 202.106485 110.479445 D4-TESLIM-n50 
203.174603 204.010522 261.908158 F5-2._HANE-n1 
204.103401 204.242721 196.423379 C5-2._HANE-n2 
204.289161 204.892880 196.423379 C5-2._HANE-n3 
204.939320 205.078639 220.958890 D5-2._HANE-n4 
205.171519 205.264399 196.423379 C5-2._HANE-n5 
205.310839 205.450159 174.612318 B4b5-2._HANE-n6 
205.543039 205.728798 165.712639 A4-2._HANE-n7 
205.775238 205.821678 147.311731 G4-2._HANE-n8 
205.868118 207.354195 130.954079 F4-2._HANE-n9 
207.400635 207.539955 130.954079 F4-2._HANE-n10 
207.586395 207.725714 130.954079 F4-2._HANE-n11 
207.772154 207.911474 147.311731 G4-2._HANE-n12 
207.957914 208.515193 165.712639 A4-2._HANE-n13 
208.561633 209.072472 174.612318 B4b5-2._HANE-n14 
209.165351 209.536871 196.423379 C5-2._HANE-n15 
209.583311 209.722630 220.958890 D5-2._HANE-n16 
209.769070 210.047710 248.559165 E5-2._HANE-n17 
210.140590 210.697868 261.908158 F5-2._HANE-n18 
210.744308 210.883628 294.623461 G5-2._HANE-n19 
210.930068 211.301587 331.425277 A5-2._HANE-n20 
211.348027 211.905306 349.224636 B5b5-2._HANE-n21 
211.951746 212.230385 349.224636 B5b5-2._HANE-n22 
212.323265 212.601905 331.425277 A5-2._HANE-n23 
212.648345 213.252063 331.425277 A5-2._HANE-n24 
213.298503 213.484263 294.623461 G5-2._HANE-n25 
213.577143 214.041542 294.623461 G5-2._HANE-n26 
214.087982 214.180862 331.425277 A5-2._HANE-n27 
214.227302 214.459501 349.224636 B5b5-2._HANE-n28 
214.505941 214.923900 331.425277 A5-2._HANE-n29 
214.970340 215.016780 294.623461 G5-2._HANE-n30 
215.063220 215.063220 261.908158 F5-2._HANE-n31 
215.109660 215.109660 248.559165 E5-2._HANE-n32 
215.156100 215.481179 220.958890 D5-2._HANE-n33 
215.574059 216.131338 248.559165 E5-2._HANE-n34 
216.224218 216.224218 261.908158 F5-2._HANE-n35 
216.317098 216.642177 294.623461 G5-2._HANE-n36 
216.735057 217.013696 294.623461 G5-2._HANE-n37 
217.106576 217.431655 261.908158 F5-2._HANE-n38 
217.524535 217.803175 261.908158 F5-2._HANE-n39 
217.896054 217.942494 248.559165 E5-2._HANE-n40 
217.988934 218.081814 248.559165 E5-2._HANE-n41 
218.128254 218.174694 220.958890 D5-2._HANE-n42 
218.221134 218.267574 220.958890 D5-2._HANE-n43 
218.314014 218.453333 206.972394 C5#4-2._HANE-n44 
218.546213 219.614331 220.958890 D5-2._HANE-n45 
219.660771 219.660771 220.958890 D5-2._HANE-n46 
220.078730 220.543129 220.958890 D5-TESLIM-n1 
220.636009 220.868209 206.972394 C5#4-TESLIM-n2 
220.961088 221.657687 220.958890 D5-TESLIM-n3 
221.750567 221.750567 235.890546 E5b4-TESLIM-n4 
221.797007 221.889887 275.974065 F5#4-TESLIM-n5 
221.982766 222.540045 220.958890 D5-TESLIM-n6 
222.632925 223.097324 235.890546 E5b4-TESLIM-n7 
223.190204 223.190204 220.958890 D5-TESLIM-n8 
223.236644 223.515283 206.972394 C5#4-TESLIM-n9 
223.608163 224.026122 174.612318 B4b5-TESLIM-n10 
224.119002 224.397642 206.972394 C5#4-TESLIM-n11 
224.490522 224.815601 220.958890 D5-TESLIM-n12 
224.908481 225.047800 275.974065 F5#4-TESLIM-n13 
225.140680 225.372880 235.890546 E5b4-TESLIM-n14 
225.419320 225.465760 235.890546 E5b4-TESLIM-n15 
225.558639 225.697959 220.958890 D5-TESLIM-n16 
225.790839 225.837279 220.958890 D5-TESLIM-n17 
225.883719 226.023039 206.972394 C5#4-TESLIM-n18 
226.115918 226.394558 206.972394 C5#4-TESLIM-n19 
226.533878 226.626757 174.612318 B4b5-TESLIM-n20 
226.673197 226.719637 174.612318 B4b5-TESLIM-n21 
226.766077 226.858957 165.712639 A4-TESLIM-n22 
226.905397 227.601995 147.311731 G4-TESLIM-n23 
227.648435 227.880635 147.311731 G4-TESLIM-n24 
227.973515 228.902313 196.423379 C5-TESLIM-n25 
228.948753 229.320272 196.423379 C5-TESLIM-n26 
229.413152 229.598912 196.423379 C5-TESLIM-n27 
229.645351 229.691791 220.958890 D5-TESLIM-n28 
229.784671 229.970431 196.423379 C5-TESLIM-n29 
230.063311 230.109751 174.612318 B4b5-TESLIM-n30 
230.156190 230.574150 174.612318 B4b5-TESLIM-n31 
230.667029 230.806349 196.423379 C5-TESLIM-n32 
230.945669 230.945669 174.612318 B4b5-TESLIM-n33 
230.992109 231.177868 165.712639 A4-TESLIM-n34 
231.224308 231.967347 165.712639 A4-TESLIM-n35 
232.060227 232.292426 147.311731 G4-TESLIM-n36 
232.385306 232.571066 130.954079 F4-TESLIM-n37 
232.617506 232.756825 124.279582 E4-TESLIM-n38 
232.803265 233.174785 130.954079 F4-TESLIM-n39 
233.221224 233.360544 147.311731 G4-TESLIM-n40 
233.406984 233.685624 147.311731 G4-TESLIM-n41 
233.778503 233.824943 130.954079 F4-TESLIM-n42 
233.871383 234.289342 130.954079 F4-TESLIM-n43 
234.382222 234.660862 124.279582 E4-TESLIM-n44 
234.753741 234.846621 124.279582 E4-TESLIM-n45 
234.939501 235.078821 110.479445 D4-TESLIM-n46 
235.125261 235.264580 110.479445 D4-TESLIM-n47 
235.357460 235.357460 103.486197 C4#4-TESLIM-n48 
235.403900 235.821859 110.479445 D4-TESLIM-n49 
235.914739 235.914739 110.479445 D4-TESLIM-n50 
237.029297 237.679456 349.224636 B5b5-3._HANE-n1 
237.725896 237.958095 331.425277 A5-3._HANE-n2 
238.004535 238.050975 331.425277 A5-3._HANE-n3 
238.097415 238.143855 349.224636 B5b5-3._HANE-n4 
238.190295 238.283175 331.425277 A5-3._HANE-n5 
238.515374 238.701134 294.623461 G5-3._HANE-n6 
238.747574 238.794014 331.425277 A5-3._HANE-n7 
238.886893 239.026213 294.623461 G5-3._HANE-n8 
239.119093 239.304853 261.908158 F5-3._HANE-n9 
239.351293 239.490612 294.623461 G5-3._HANE-n10 
239.583492 240.140771 331.425277 A5-3._HANE-n11 
240.187211 240.419410 331.425277 A5-3._HANE-n12 
240.465850 241.208889 261.908158 F5-3._HANE-n13 
241.301769 241.905488 279.607027 G5b4-3._HANE-n14 
241.951927 241.998367 331.425277 A5-3._HANE-n15 
242.091247 242.369887 279.607027 G5b4-3._HANE-n16 
242.462766 242.694966 261.908158 F5-3._HANE-n17 
242.787846 242.834286 261.908158 F5-3._HANE-n18 
242.880726 243.112925 279.607027 G5b4-3._HANE-n19 
243.159365 243.205805 261.908158 F5-3._HANE-n20 
243.252245 243.298685 245.329611 E5b1-3._HANE-n21 
243.345125 243.391565 220.958890 D5-3._HANE-n22 
243.438005 243.484444 245.329611 E5b1-3._HANE-n23 
243.577324 244.413243 261.908158 F5-3._HANE-n24 
244.459683 245.342041 248.559165 E5-3._HANE-n25 
245.388481 245.388481 220.958890 D5-3._HANE-n26 
245.434921 246.735238 196.423379 C5-3._HANE-n27 
246.781678 246.967438 220.958890 D5-3._HANE-n28 
247.013878 247.153197 248.559165 E5-3._HANE-n29 
247.199637 247.338957 261.908158 F5-3._HANE-n30 
247.385397 247.849796 294.623461 G5-3._HANE-n31 
247.942676 248.592834 331.425277 A5-3._HANE-n32 
248.639274 248.778594 261.908158 F5-3._HANE-n33 
248.825034 249.010794 248.559165 E5-3._HANE-n34 
249.057234 249.242993 220.958890 D5-3._HANE-n35 
249.335873 249.660952 248.559165 E5-3._HANE-n36 
249.753832 249.986032 261.908158 F5-3._HANE-n37 
250.171791 250.496871 294.623461 G5-3._HANE-n38 
250.589751 250.682630 294.623461 G5-3._HANE-n39 
250.729070 250.775510 261.908158 F5-3._HANE-n40 
250.821950 250.914830 261.908158 F5-3._HANE-n41 
251.007710 251.286349 248.559165 E5-3._HANE-n42 
251.332789 251.611429 248.559165 E5-3._HANE-n43 
251.704308 252.261587 220.958890 D5-3._HANE-n44 
252.308027 252.354467 220.958890 D5-3._HANE-n45 
252.400907 252.400907 206.972394 C5#4-3._HANE-n46 
252.447347 252.633107 220.958890 D5-3._HANE-n47 
252.679546 252.679546 220.958890 D5-3._HANE-n48 
253.886984 254.258503 220.958890 D5-TESLIM-n1 
254.304943 254.444263 206.972394 C5#4-TESLIM-n2 
254.537143 254.676463 220.958890 D5-TESLIM-n3 
254.722902 255.233741 235.890546 E5b4-TESLIM-n4 
255.326621 255.465941 275.974065 F5#4-TESLIM-n5 
255.558821 255.883900 220.958890 D5-TESLIM-n6 
255.976780 256.162540 235.890546 E5b4-TESLIM-n7 
256.208980 256.348299 220.958890 D5-TESLIM-n8 
256.487619 257.091338 206.972394 C5#4-TESLIM-n9 
257.184218 257.509297 174.612318 B4b5-TESLIM-n10 
257.602177 258.020136 206.972394 C5#4-TESLIM-n11 
258.113016 258.391655 220.958890 D5-TESLIM-n12 
258.530975 258.809615 275.974065 F5#4-TESLIM-n13 
258.902494 258.948934 235.890546 E5b4-TESLIM-n14 
258.995374 259.088254 235.890546 E5b4-TESLIM-n15 
259.134694 259.320454 220.958890 D5-TESLIM-n16 
259.413333 259.459773 220.958890 D5-TESLIM-n17 
259.506213 259.645533 206.972394 C5#4-TESLIM-n18 
259.738413 259.970612 206.972394 C5#4-TESLIM-n19 
260.017052 260.063492 174.612318 B4b5-TESLIM-n20 
260.109932 260.202812 174.612318 B4b5-TESLIM-n21 
260.249252 260.295692 165.712639 A4-TESLIM-n22 
260.342132 260.667211 147.311731 G4-TESLIM-n23 
260.713651 260.852971 147.311731 G4-TESLIM-n24 
260.899410 262.246168 196.423379 C5-TESLIM-n25 
262.339048 263.035646 196.423379 C5-TESLIM-n26 
263.128526 263.360726 196.423379 C5-TESLIM-n27 
263.407166 263.453605 220.958890 D5-TESLIM-n28 
263.500045 263.592925 196.423379 C5-TESLIM-n29 
263.639365 263.778685 174.612318 B4b5-TESLIM-n30 
263.825125 263.964444 174.612318 B4b5-TESLIM-n31 
264.057324 264.196644 196.423379 C5-TESLIM-n32 
264.289524 264.382404 174.612318 B4b5-TESLIM-n33 
264.521723 264.800363 165.712639 A4-TESLIM-n34 
264.846803 265.496961 165.712639 A4-TESLIM-n35 
265.543401 265.868481 147.311731 G4-TESLIM-n36 
265.914921 265.914921 130.954079 F4-TESLIM-n37 
266.007800 266.286440 124.279582 E4-TESLIM-n38 
266.379320 266.750839 130.954079 F4-TESLIM-n39 
266.843719 267.400998 147.311731 G4-TESLIM-n40 
267.493878 267.818957 147.311731 G4-TESLIM-n41 
267.911837 268.144036 130.954079 F4-TESLIM-n42 
268.236916 268.236916 130.954079 F4-TESLIM-n43 
268.283356 268.422676 124.279582 E4-TESLIM-n44 
268.515556 268.794195 124.279582 E4-TESLIM-n45 
268.933515 268.979955 110.479445 D4-TESLIM-n46 
269.026395 269.119274 110.479445 D4-TESLIM-n47 
269.212154 269.397914 103.486197 C4#4-TESLIM-n48 
269.490794 269.397914 110.479445 D4-TESLIM-n49 
269.490794 269.490794 110.479445 D4-TESLIM-n50 
271.162630 271.441270 220.958890 D5-4._HANE-n1 
271.487710 271.580590 206.972394 C5#4-4._HANE-n2 
271.627029 271.998549 220.958890 D5-4._HANE-n3 
272.091429 272.323628 261.908158 F5-4._HANE-n4 
272.370068 272.927347 248.559165 E5-4._HANE-n5 
273.066667 273.298866 294.623461 G5-4._HANE-n6 
273.345306 273.391746 261.908158 F5-4._HANE-n7 
273.438186 274.274104 331.425277 A5-4._HANE-n8 
274.366984 274.506304 294.623461 G5-4._HANE-n9 
274.552744 274.784943 261.908158 F5-4._HANE-n10 
274.831383 274.831383 248.559165 E5-4._HANE-n11 
274.877823 274.924263 261.908158 F5-4._HANE-n12 
274.970703 275.063583 248.559165 E5-4._HANE-n13 
275.110023 275.156463 220.958890 D5-4._HANE-n14 
275.202902 275.249342 206.972394 C5#4-4._HANE-n15 
275.295782 275.388662 220.958890 D5-4._HANE-n16 
275.435102 275.481542 248.559165 E5-4._HANE-n17 
275.527982 275.620862 206.972394 C5#4-4._HANE-n18 
275.667302 275.713741 174.612318 B4b5-4._HANE-n19 
275.760181 275.899501 165.712639 A4-4._HANE-n20 
275.992381 276.271020 220.958890 D5-4._HANE-n21 
276.363900 276.503220 206.972394 C5#4-4._HANE-n22 
276.549660 276.828299 220.958890 D5-4._HANE-n23 
276.874739 277.014059 261.908158 F5-4._HANE-n24 
277.060499 277.617778 248.559165 E5-4._HANE-n25 
277.664218 277.849977 294.623461 G5-4._HANE-n26 
277.896417 277.989297 261.908158 F5-4._HANE-n27 
278.082177 278.685896 331.425277 A5-4._HANE-n28 
278.778776 278.871655 294.623461 G5-4._HANE-n29 
278.918095 278.964535 261.908158 F5-4._HANE-n30 
279.010975 279.103855 248.559165 E5-4._HANE-n31 
279.150295 279.196735 261.908158 F5-4._HANE-n32 
279.243175 279.336054 248.559165 E5-4._HANE-n33 
279.382494 279.428934 220.958890 D5-4._HANE-n34 
279.475374 279.521814 206.972394 C5#4-4._HANE-n35 
279.568254 279.800454 220.958890 D5-4._HANE-n36 
279.893333 280.032653 248.559165 E5-4._HANE-n37 
280.079093 280.357732 220.958890 D5-4._HANE-n38 
286.116281 286.302041 331.425277 A5-4._HANE-n77 
286.348481 286.487800 310.446360 G5#4-4._HANE-n78 
286.580680 286.952200 331.425277 A5-4._HANE-n79 
287.045079 287.927438 349.224636 B5b5-4._HANE-n80 
287.973878 288.020317 248.559165 E5-4._HANE-n81 
288.066757 288.391837 261.908158 F5-4._HANE-n82 
288.484717 288.995556 275.974065 F5#4-4._HANE-n83 
289.041995 289.320635 294.623461 G5-4._HANE-n84 
289.367075 289.413515 248.559165 E5-4._HANE-n85 
289.459955 289.552834 261.908158 F5-4._HANE-n86 
289.599274 289.738594 275.974065 F5#4-4._HANE-n87 
289.831474 289.970794 294.623461 G5-4._HANE-n88 
290.063673 290.435193 310.446360 G5#4-4._HANE-n89 
290.528073 290.946032 331.425277 A5-4._HANE-n90 
291.038912 291.410431 349.224636 B5b5-4._HANE-n91 
291.503311 291.596190 310.446360 G5#4-4._HANE-n92 
291.642630 291.921270 349.224636 B5b5-4._HANE-n93 
292.014150 293.360907 331.425277 A5-4._HANE-n94 
293.453787 293.871746 331.425277 A5-4._HANE-n95 
293.964626 294.336145 310.446360 G5#4-4._HANE-n96 
294.429025 294.800544 331.425277 A5-4._HANE-n97 
294.893424 296.007982 349.224636 B5b5-4._HANE-n98 
296.054422 296.147302 248.559165 E5-4._HANE-n99 
296.240181 296.333061 261.908158 F5-4._HANE-n100 
296.379501 296.425941 275.974065 F5#4-4._HANE-n101 
296.472381 296.890340 294.623461 G5-4._HANE-n102 
296.983220 297.354739 331.425277 A5-4._HANE-n103 
297.401179 297.912018 349.224636 B5b5-4._HANE-n104 
298.004898 298.376417 331.425277 A5-4._HANE-n105 
298.469297 298.840816 294.623461 G5-4._HANE-n106 
298.933696 299.073016 261.908158 F5-4._HANE-n107 
299.119456 299.258776 248.559165 E5-4._HANE-n108 
299.305215 299.444535 220.958890 D5-4._HANE-n109 
299.490975 299.537415 206.972394 C5#4-4._HANE-n110 
299.583855 299.676735 248.559165 E5-4._HANE-n111 
299.723175 299.908934 220.958890 D5-4._HANE-n112 
299.955374 300.326893 220.958890 D5-4._HANE-n113 
300.419773 300.791293 331.425277 A5-4._HANE-n114 
300.884172 301.209252 310.446360 G5#4-4._HANE-n115 
301.302132 301.580771 331.425277 A5-4._HANE-n116 
301.673651 303.159728 349.224636 B5b5-4._HANE-n117 
303.206168 303.252608 248.559165 E5-4._HANE-n118 
303.299048 303.391927 261.908158 F5-4._HANE-n119 
303.438367 303.717007 275.974065 F5#4-4._HANE-n120 
303.809887 305.017324 294.623461 G5-4._HANE-n121 
305.110204 305.481723 248.559165 E5-4._HANE-n122 
305.574603 305.713923 261.908158 F5-4._HANE-n123 
305.760363 305.806803 275.974065 F5#4-4._HANE-n124 
305.853243 305.946122 294.623461 G5-4._HANE-n125 
305.992562 306.131882 310.446360 G5#4-4._HANE-n126 
306.224762 306.317642 331.425277 A5-4._HANE-n127 
306.364082 306.596281 349.224636 B5b5-4._HANE-n128 
306.689161 306.828481 310.446360 G5#4-4._HANE-n129 
306.874921 307.014240 349.224636 B5b5-4._HANE-n130 
307.107120 307.803719 331.425277 A5-4._HANE-n131 
307.850159 308.175238 331.425277 A5-4._HANE-n132 
308.268118 308.639637 310.446360 G5#4-4._HANE-n133 
308.732517 309.011156 331.425277 A5-4._HANE-n134 
309.104036 310.265034 349.224636 B5b5-4._HANE-n135 
310.311474 310.357914 248.559165 E5-4._HANE-n136 
310.404354 310.450794 261.908158 F5-4._HANE-n137 
310.497234 310.590113 275.974065 F5#4-4._HANE-n138 
310.682993 311.704671 294.623461 G5-4._HANE-n139 
311.751111 311.890431 331.425277 A5-4._HANE-n140 
311.936871 312.215510 349.224636 B5b5-4._HANE-n141 
312.261950 312.494150 331.425277 A5-4._HANE-n142 
312.540590 312.772789 294.623461 G5-4._HANE-n143 
312.819229 312.912109 261.908158 F5-4._HANE-n144 
312.958549 313.097868 248.559165 E5-4._HANE-n145 
313.144308 313.237188 220.958890 D5-4._HANE-n146 
313.283628 313.330068 206.972394 C5#4-4._HANE-n147 
313.422948 313.794467 248.559165 E5-4._HANE-n148 
313.887347 314.351746 220.958890 D5-4._HANE-n149 
314.398186 314.444626 220.958890 D5-4._HANE-n150 
315.141224 315.512744 220.958890 D5-TESLIM-n1 
315.559184 315.791383 206.972394 C5#4-TESLIM-n2 
315.837823 315.977143 220.958890 D5-TESLIM-n3 
316.070023 316.534422 235.890546 E5b4-TESLIM-n4 
316.627302 316.720181 275.974065 F5#4-TESLIM-n5 
316.813061 317.323900 220.958890 D5-TESLIM-n6 
317.416780 317.509660 235.890546 E5b4-TESLIM-n7 
317.602540 318.020499 220.958890 D5-TESLIM-n8 
318.066939 318.252698 206.972394 C5#4-TESLIM-n9 
318.299138 318.531338 174.612318 B4b5-TESLIM-n10 
318.624218 318.949297 206.972394 C5#4-TESLIM-n11 
318.995737 319.274376 220.958890 D5-TESLIM-n12 
319.367256 319.553016 275.974065 F5#4-TESLIM-n13 
319.599456 319.831655 235.890546 E5b4-TESLIM-n14 
319.878095 320.063855 235.890546 E5b4-TESLIM-n15 
320.110295 320.156735 220.958890 D5-TESLIM-n16 
320.203175 320.249615 220.958890 D5-TESLIM-n17 
320.342494 320.528254 206.972394 C5#4-TESLIM-n18 
320.574694 320.621134 206.972394 C5#4-TESLIM-n19 
320.667574 320.992653 174.612318 B4b5-TESLIM-n20 
321.085533 321.364172 174.612318 B4b5-TESLIM-n21 
321.410612 321.457052 165.712639 A4-TESLIM-n22 
321.503492 322.107211 147.311731 G4-TESLIM-n23 
322.153651 322.153651 147.311731 G4-TESLIM-n24 
322.200091 322.943129 196.423379 C5-TESLIM-n25 
322.989569 323.314649 196.423379 C5-TESLIM-n26 
323.361088 323.546848 196.423379 C5-TESLIM-n27 
323.593288 323.639728 220.958890 D5-TESLIM-n28 
323.686168 324.011247 196.423379 C5-TESLIM-n29 
324.057687 324.104127 174.612318 B4b5-TESLIM-n30 
324.197007 324.336327 174.612318 B4b5-TESLIM-n31 
324.382766 324.475646 196.423379 C5-TESLIM-n32 
324.568526 324.847166 174.612318 B4b5-TESLIM-n33 
324.940045 324.986485 165.712639 A4-TESLIM-n34 
325.032925 325.497324 165.712639 A4-TESLIM-n35 
325.543764 325.775964 147.311731 G4-TESLIM-n36 
325.915283 326.240363 130.954079 F4-TESLIM-n37 
326.333243 326.751202 124.279582 E4-TESLIM-n38 
326.844082 327.076281 130.954079 F4-TESLIM-n39 
327.169161 327.308481 147.311731 G4-TESLIM-n40 
327.354921 327.447800 147.311731 G4-TESLIM-n41 
327.494240 327.540680 130.954079 F4-TESLIM-n42 
327.587120 327.633560 130.954079 F4-TESLIM-n43 
327.680000 327.726440 124.279582 E4-TESLIM-n44 
327.772880 327.865760 124.279582 E4-TESLIM-n45 
327.958639 328.005079 110.479445 D4-TESLIM-n46 
328.051519 328.283719 110.479445 D4-TESLIM-n47 
328.376599 328.562358 103.486197 C4#4-TESLIM-n48 
328.608798 328.980317 110.479445 D4-TESLIM-n49 
329.026757 329.166077 110.479445 D4-TESLIM-n50 
