18.43664399	19.133242630000002	289.120361328125	-1.0
19.226122449999998	19.551201809999998	292.98703002929688	-1.0
19.644081629999999	19.736961449999999	256.75996398925781	-1.0
19.783401359999999	20.20136054	269.05856323242188	-1.0
20.24780045	20.48	237.70466613769528	-1.0
20.526439910000001	20.758639460000001	214.04590606689453	-1.0
20.805079370000001	21.037278910000001	204.55708312988284	-1.0
21.083718820000001	21.548117909999998	131.38072204589844	-1.0
21.640997729999999	22.987755100000001	345.01766967773438	-1.0
23.034195010000001	23.127074830000002	366.80252075195312	-1.0
23.173514740000002	23.219954649999998	300.44239807128906	-1.0
23.312834469999999	23.452154199999999	345.71589660644531	-1.0
23.545034009999998	23.684353739999999	391.76907348632812	-1.0
23.777233559999999	24.00943311	308.44293212890619	-1.0
24.05587302	24.19519274	275.586181640625	-1.0
24.24163265	24.566712020000001	264.207275390625	-1.0
24.613151930000001	25.588390019999999	259.21878051757812	-1.0
25.681269839999999	26.19210884	300.70248413085938	-1.0
26.23854875	26.37786848	293.24102783203125	-1.0
26.4707483	26.51718821	262.47146606445312	-1.0
26.563628120000001	26.702947850000001	298.370361328125	-1.0
26.749387760000001	27.120907030000001	317.30104064941406	-1.0
27.213786850000002	27.399546489999999	262.53387451171875	-1.0
27.445986390000002	27.631746029999999	231.07110595703125	-1.0
27.678185939999999	28.51410431	227.88987731933594	-1.0
28.560544220000001	28.79274376	227.62677001953125	-1.0
28.839183670000001	29.907301589999999	233.48612976074219	-1.0
30.00018141	30.27882086	230.93766784667969	-1.0
30.975419500000001	31.532698409999998	301.13716125488281	-1.0
31.579138319999998	31.764897959999999	280.40335083007812	-1.0
31.811337869999999	32.136417229999999	312.02685546875	-1.0
32.22929705	34.086893420000003	344.22140502929688	-1.0
34.179773240000003	35.805170070000003	464.28271484375	-1.0
35.851609979999999	36.083809520000003	441.27261352539068	-1.0
36.130249429999999	36.362448980000003	398.84738159179682	-1.0
36.455328799999997	36.641088439999997	371.38880920410156	-1.0
36.733968249999997	36.966167800000001	324.43304443359375	-1.0
37.012607709999997	37.244807260000002	287.12330627441406	-1.0
37.337687070000001	37.848526079999999	424.276123046875	-1.0
37.894965990000003	37.987845800000002	384.81637573242188	-1.0
38.034285709999999	38.266485260000003	417.95187377929688	-1.0
38.31292517	38.870204080000001	346.61566162109375	-1.0
38.963083900000001	39.241723360000002	418.6767578125	-1.0
39.334603170000001	39.473922899999998	348.42227172851568	-1.0
39.520362810000002	39.752562359999999	375.81002807617188	-1.0
39.799002270000003	40.263401360000003	313.4720458984375	-1.0
40.356281180000003	41.285079369999998	347.61816406249994	-1.0
41.331519270000001	41.563718819999998	364.37406921386719	-1.0
41.610158730000002	42.028117909999999	355.02490234375	-1.0
42.074557820000003	42.167437640000003	285.38711547851562	-1.0
43.978594100000002	44.721632649999997	289.78912353515625	-1.0
44.76807256	45.093151929999998	308.0867919921875	-1.0
45.186031749999998	45.371791379999998	262.38226318359375	-1.0
45.464671199999998	45.743310659999999	263.5975341796875	-1.0
45.789750570000002	46.021950109999999	235.11015319824222	-1.0
46.068390020000002	46.30058957	214.60299682617188	-1.0
46.347029480000003	46.439909299999997	193.07618713378906	-1.0
46.85786848	47.182947849999998	158.5572204589844	-1.0
47.229387760000002	48.29750567	346.21548461914062	-1.0
48.39038549	48.66902494	385.70651245117188	-1.0
48.76190476	48.808344669999997	310.49894714355469	-1.0
48.901224489999997	49.040544220000001	343.22869873046875	-1.0
49.133424040000001	49.319183670000001	400.23208618164062	-1.0
49.412063490000001	49.690702950000002	318.95144653320312	-1.0
49.737142859999999	49.876462590000003	280.72744750976562	-1.0
49.922902489999998	50.247981860000003	254.32444763183594	-1.0
50.29442177	51.130340140000001	258.91949462890625	-1.0
51.223219950000001	51.734058959999999	301.05007934570312	-1.0
51.826938779999999	51.966258500000002	295.36593627929688	-1.0
52.012698409999999	52.059138320000002	260.41943359375	-1.0
52.105578229999999	52.198458049999999	305.78201293945312	-1.0
52.244897960000003	52.66285714	318.95144653320312	-1.0
52.75573696	52.895056689999997	259.51840209960938	-1.0
52.941496600000001	53.220136050000001	231.47186279296875	-1.0
53.266575959999997	55.077732429999998	229.21003723144531	-1.0
55.124172340000001	55.356371879999998	227.23265075683594	-1.0
55.402811790000001	55.960090700000002	229.21003723144531	-1.0
56.47092971	57.028208620000001	311.30676269531256	-1.0
57.074648529999997	57.260408159999997	280.8896484375	-1.0
57.306848070000001	57.539047619999998	315.65243530273438	-1.0
57.585487530000002	59.535963719999998	346.01553344726568	-1.0
59.628843539999998	61.022040820000001	462.00877380371094	-1.0
61.11492063	61.393560090000001	439.11151123046875	-1.0
61.439999999999998	61.672199550000002	390.63922119140619	-1.0
61.765079370000002	61.997278909999999	367.22650146484375	-1.0
62.090158729999999	62.36879819	324.90176391601562	-1.0
62.461677999999999	62.600997730000003	286.13008117675781	-1.0
62.693877550000003	63.158276639999997	424.27790832519531	-1.0
63.204716550000001	63.344036279999997	384.26109313964844	-1.0
63.390476190000001	63.622675739999998	420.85897827148438	-1.0
63.715555559999999	64.179954649999999	344.81842041015625	-1.0
64.272834470000006	64.551473920000007	413.15130615234375	-1.0
64.64435374	64.783673469999997	343.823974609375	-1.0
64.83011338	65.062312930000004	379.51875305175781	-1.0
65.10875283	65.573151929999995	306.13546752929688	-1.0
65.666031750000002	66.501950109999996	350.440673828125	-1.0
66.594829930000003	66.780589570000004	354.7174072265625	-1.0
66.827029479999993	67.19854875	350.23831176757818	-1.0
67.291428569999994	67.477188209999994	285.63449096679688	-1.0
67.523628119999998	67.755827659999994	281.70208740234375	-1.0
67.802267569999998	67.895147390000005	284.31805419921875	-1.0
67.941587299999995	68.63818594	172.40921020507812	-1.0
69.241904759999997	69.984943310000006	347.51780700683594	-1.0
70.077823129999999	70.495782309999996	455.51657104492188	-1.0
70.588662130000003	71.006621319999994	501.06698608398438	-1.0
71.099501129999993	71.285260769999994	460.5445556640625	-1.0
71.378140590000001	71.610340140000005	388.0531005859375	-1.0
71.656780049999995	71.888979590000005	356.77227783203119	-1.0
71.935419499999995	72.121179139999995	303.14404296875	-1.0
72.167619049999999	72.446258499999999	349.63189697265625	-1.0
72.492698410000003	72.724897960000007	387.49298095703125	-1.0
72.771337869999996	73.09641723	426.73394775390625	-1.0
73.189297049999993	73.700136049999998	453.678466796875	-1.0
73.793015870000005	73.978775510000006	425.50326538085938	-1.0
74.071655329999999	74.350294779999999	575.5748291015625	-1.0
74.443174600000006	74.954013610000004	457.36212158203125	-1.0
75.046893420000004	75.882811790000005	347.61824035644531	-1.0
75.975691609999998	76.347210880000006	383.70657348632812	-1.0
76.440090699999999	76.81160998	403.01593017578125	-1.0
76.904489799999993	77.368888889999994	390.18820190429693	-1.0
77.461768710000001	77.647528339999994	361.75262451171875	-1.0
77.693968249999998	78.158367350000006	323.77767944335938	-1.0
78.204807259999995	78.344126979999999	355.74337768554688	-1.0
78.437006800000006	80.108843539999995	390.86492919921881	-1.0
80.155283449999999	80.387482989999995	381.93756103515625	-1.0
80.480362810000003	80.759002269999996	517.5399169921875	-1.0
80.851882090000004	81.362721089999994	390.18827819824219	-1.0
81.455600910000001	81.734240360000001	347.81903076171875	-1.0
81.827120179999994	82.616598640000007	345.01766967773438	-1.0
82.755918370000003	83.127437639999997	409.11416625976568	-1.0
83.17387755	83.406077100000005	348.2210693359375	-1.0
83.498956919999998	83.684716550000005	365.95599365234375	-1.0
83.731156459999994	83.777596369999998	305.87034606933594	-1.0
83.824036280000001	83.963356009999998	366.80252075195312	-1.0
84.056235830000006	84.520634920000006	392.90219116210932	-1.0
84.567074829999996	84.706394560000007	346.01553344726568	-1.0
84.79927438	86.378231290000002	346.01553344726568	-1.0
86.424671200000006	86.842630389999997	374.50982666015625	-1.0
86.935510199999996	87.16770975	305.95867919921875	-1.0
87.260589569999993	87.446349209999994	287.12330627441406	-1.0
87.492789119999998	87.771428569999998	266.04498291015625	-1.0
87.864308390000005	88.282267570000002	229.40872192382812	-1.0
88.375147389999995	88.560907029999996	317.6644287109375	-1.0
88.607346939999999	88.700226760000007	270.23431396484375	-1.0
88.746666669999996	88.885986389999999	291.299560546875	-1.0
88.978866210000007	89.582585030000004	230.40470886230469	-1.0
89.721904760000001	89.954104310000005	263.29318237304688	-1.0
90.000544219999995	90.139863950000006	230.87099456787109	-1.0
90.232743760000005	90.836462589999996	259.21878051757812	-1.0
90.929342399999996	91.207981860000004	223.7162780761719	-1.0
91.254421769999993	91.997460320000002	230.00579833984375	-1.0
92.090340139999995	92.368979589999995	228.81318664550778	-1.0
92.415419499999999	92.554739229999996	252.13041687011716	-1.0
92.601179139999999	92.740498869999996	308.17579650878906	-1.0
92.78693878	93.019138319999996	143.89370727539062	-1.0
