0.882358 1.393197 111.440835 G4-ZEMIN--n1 
1.439637 1.671837 111.440835 G4-ZEMIN--n2 
1.718277 1.904036 111.440835 G4-ZEMIN--n3 
2.043356 4.411791 167.154667 D5-ZEMIN--n4 
4.458231 5.619229 167.154667 D5-ZEMIN--n5 
5.712109 5.990748 222.881671 G5-ZEMIN--n6 
6.037188 6.362268 222.881671 G5-ZEMIN--n7 
6.455147 7.476825 167.154667 D5-ZEMIN--n8 
7.523265 7.987664 167.154667 D5-ZEMIN--n9 
8.080544 8.312744 176.131791 E5b5-ZEMIN--n10 
8.405624 8.498503 167.154667 D5-ZEMIN--n11 
8.544943 8.637823 148.593635 C5-ZEMIN--n12 
8.730703 8.962902 132.093639 B4b5-ZEMIN--n13 
9.009342 9.102222 148.593635 C5-ZEMIN--n14 
9.148662 9.613061 167.154667 D5-ZEMIN--n15 
9.705941 10.495420 148.593635 C5-ZEMIN--n16 
10.588299 11.145578 148.593635 C5-ZEMIN--n17 
11.238458 12.306576 148.593635 C5-ZEMIN--n18 
12.399456 12.678095 167.154667 D5-ZEMIN--n19 
12.724535 12.770975 148.593635 C5-ZEMIN--n20 
12.817415 12.910295 132.093639 B4b5-ZEMIN--n21 
12.956735 13.049615 125.361061 A4-ZEMIN--n22 
13.142494 13.653333 132.093639 B4b5-ZEMIN--n23 
13.699773 14.257052 148.593635 C5-ZEMIN--n24 
14.489252 14.675011 132.093639 B4b5-ZEMIN--n25 
14.721451 14.860771 167.154667 D5-ZEMIN--n26 
14.953651 15.092971 148.593635 C5-ZEMIN--n27 
15.139410 15.418050 132.093639 B4b5-ZEMIN--n28 
15.464490 15.650249 125.361061 A4-ZEMIN--n29 
15.743129 16.811247 111.440835 G4-ZEMIN--n30 
16.904127 17.089887 167.154667 D5-ZEMIN--n31 
17.182766 17.275646 176.131791 E5b5-ZEMIN--n32 
17.322086 17.368526 167.154667 D5-ZEMIN--n33 
17.414966 17.600726 148.593635 C5-ZEMIN--n34 
17.693605 17.925805 132.093639 B4b5-ZEMIN--n35 
18.018685 18.018685 125.361061 A4-ZEMIN--n36 
19.133243 19.644082 111.440835 G4-ZEMIN*--n1 
19.690522 19.876281 111.440835 G4-ZEMIN*--n2 
19.922721 20.154921 111.440835 G4-ZEMIN*--n3 
20.247800 22.569796 167.154667 D5-ZEMIN*--n4 
22.616236 23.777234 167.154667 D5-ZEMIN*--n5 
23.870113 24.148753 222.881671 G5-ZEMIN*--n6 
24.195193 24.520272 222.881671 G5-ZEMIN*--n7 
24.613152 25.959909 167.154667 D5-ZEMIN*--n8 
26.006349 26.424308 167.154667 D5-ZEMIN*--n9 
26.517188 26.842268 176.131791 E5b5-ZEMIN*--n10 
26.935147 27.306667 167.154667 D5-ZEMIN*--n11 
27.399546 27.631746 148.593635 C5-ZEMIN*--n12 
27.724626 28.189025 132.093639 B4b5-ZEMIN*--n13 
28.281905 28.467664 148.593635 C5-ZEMIN*--n14 
28.560544 29.024943 167.154667 D5-ZEMIN*--n15 
29.071383 29.257143 148.593635 C5-ZEMIN*--n16 
29.303583 29.535782 148.593635 C5-ZEMIN*--n17 
29.582222 30.046621 148.593635 C5-ZEMIN*--n18 
30.139501 30.464580 167.154667 D5-ZEMIN*--n19 
30.511020 30.557460 148.593635 C5-ZEMIN*--n20 
30.603900 30.975420 132.093639 B4b5-ZEMIN*--n21 
31.068299 31.207619 125.361061 A4-ZEMIN*--n22 
31.254059 31.672018 132.093639 B4b5-ZEMIN*--n23 
31.764898 32.322177 148.593635 C5-ZEMIN*--n24 
32.415057 32.600816 167.154667 D5-ZEMIN*--n25 
32.647256 33.158095 167.154667 D5-ZEMIN*--n26 
33.250975 33.761814 167.154667 D5-ZEMIN*--n27 
33.854694 35.108571 167.154667 D5-ZEMIN*--n28 
35.201451 35.665850 167.154667 D5-ZEMIN*--n29 
35.712290 35.758730 176.131791 E5b5-ZEMIN*--n30 
35.805170 36.083810 167.154667 D5-ZEMIN*--n31 
36.083810 36.083810 148.593635 C5-ZEMIN*--n32 
36.083810 36.083810 132.093639 B4b5-ZEMIN*--n33 
36.176689 36.176689 148.593635 C5-ZEMIN*--n34 
37.662766 38.173605 167.154667 D5-NAKARAT--n1 
38.220045 38.452245 167.154667 D5-NAKARAT--n2 
38.498685 38.684444 167.154667 D5-NAKARAT--n3 
38.730884 39.195283 167.154667 D5-NAKARAT--n4 
39.241723 40.402721 264.187278 B5b5-NAKARAT--n5 
40.449161 40.820680 264.187278 B5b5-NAKARAT--n6 
40.913560 41.006440 250.722123 A5-NAKARAT--n7 
41.052880 41.610159 250.722123 A5-NAKARAT--n8 
41.703039 41.888798 222.881671 G5-NAKARAT--n9 
41.981678 42.260317 222.881671 G5-NAKARAT--n10 
42.306757 42.678277 222.881671 G5-NAKARAT--n11 
42.771156 42.864036 198.132652 F5-NAKARAT--n12 
42.910476 44.025034 198.132652 F5-NAKARAT--n13 
44.117914 44.350113 222.881671 G5-NAKARAT--n14 
44.396553 44.814512 198.132652 F5-NAKARAT--n15 
44.860952 44.953832 176.131791 E5b5-NAKARAT--n16 
45.000272 45.093152 167.154667 D5-NAKARAT--n17 
45.139592 45.789751 176.131791 E5b5-NAKARAT--n18 
45.882630 46.625669 176.131791 E5b5-NAKARAT--n19 
46.672109 47.229388 176.131791 E5b5-NAKARAT--n20 
47.275828 47.368707 176.131791 E5b5-NAKARAT--n21 
47.461587 47.833107 167.154667 D5-NAKARAT--n22 
47.925986 48.343946 176.131791 E5b5-NAKARAT--n23 
48.436825 48.994104 167.154667 D5-NAKARAT--n24 
49.086984 49.272744 222.881671 G5-NAKARAT--n25 
49.365624 49.504943 198.132652 F5-NAKARAT--n26 
49.551383 49.783583 176.131791 E5b5-NAKARAT--n27 
49.830023 50.062222 167.154667 D5-NAKARAT--n28 
50.108662 50.294422 148.593635 C5-NAKARAT--n29 
50.340862 50.433741 139.187793 B4b1-NAKARAT--n30 
50.480181 50.526621 148.593635 C5-NAKARAT--n31 
50.573061 51.176780 167.154667 D5-NAKARAT--n32 
51.223220 51.455420 148.593635 C5-NAKARAT--n33 
51.548299 52.059138 198.132652 F5-NAKARAT--n34 
52.244898 52.662857 176.131791 E5b5-NAKARAT--n35 
52.755737 52.848617 167.154667 D5-NAKARAT--n36 
52.895057 53.359456 167.154667 D5-NAKARAT--n37 
53.405896 53.730975 167.154667 D5-NAKARAT--n38 
53.777415 53.963175 176.131791 E5b5-NAKARAT--n39 
54.009615 54.241814 167.154667 D5-NAKARAT--n40 
54.288254 54.334694 148.593635 C5-NAKARAT--n41 
54.381134 54.613333 132.093639 B4b5-NAKARAT--n42 
54.659773 54.752653 148.593635 C5-NAKARAT--n43 
56.285170 56.935329 167.154667 D5-NAKARAT2--n1 
56.981769 57.167528 167.154667 D5-NAKARAT2--n2 
57.213968 57.446168 167.154667 D5-NAKARAT2--n3 
57.492608 57.957007 167.154667 D5-NAKARAT2--n4 
58.049887 59.303764 222.881671 G5-NAKARAT2--n5 
59.350204 59.628844 222.881671 G5-NAKARAT2--n6 
59.721723 59.907483 167.154667 D5-NAKARAT2--n7 
59.953923 60.232562 167.154667 D5-NAKARAT2--n8 
60.325442 60.743401 198.132652 F5-NAKARAT2--n9 
60.789841 61.440000 198.132652 F5-NAKARAT2--n10 
61.486440 61.811519 198.132652 F5-NAKARAT2--n11 
61.857959 63.018957 198.132652 F5-NAKARAT2--n12 
63.065397 63.204717 222.881671 G5-NAKARAT2--n13 
63.297596 63.669116 198.132652 F5-NAKARAT2--n14 
63.715556 63.808435 176.131791 E5b5-NAKARAT2--n15 
63.854875 63.947755 167.154667 D5-NAKARAT2--n16 
63.994195 64.412154 176.131791 E5b5-NAKARAT2--n17 
64.458594 65.201633 176.131791 E5b5-NAKARAT2--n18 
65.294512 65.433832 167.154667 D5-NAKARAT2--n19 
65.480272 65.898231 167.154667 D5-NAKARAT2--n20 
65.944671 66.269751 167.154667 D5-NAKARAT2--n21 
66.362630 66.594830 148.593635 C5-NAKARAT2--n22 
66.687710 67.802268 148.593635 C5-NAKARAT2--n23 
67.848707 68.080907 148.593635 C5-NAKARAT2--n24 
68.173787 68.266667 158.635091 D5b4-NAKARAT2--n25 
68.313107 68.591746 148.593635 C5-NAKARAT2--n26 
68.684626 68.777506 158.635091 D5b4-NAKARAT2--n27 
68.823946 69.056145 148.593635 C5-NAKARAT2--n28 
69.102585 69.149025 132.093639 B4b5-NAKARAT2--n29 
69.195465 69.566984 132.093639 B4b5-NAKARAT2--n30 
69.659864 69.938503 125.361061 A4-NAKARAT2--n31 
70.031383 70.402902 132.093639 B4b5-NAKARAT2--n32 
70.449342 70.495782 167.154667 D5-NAKARAT2--n33 
70.542222 70.727982 148.593635 C5-NAKARAT2--n34 
70.820862 71.053061 132.093639 B4b5-NAKARAT2--n35 
71.145941 71.331701 125.361061 A4-NAKARAT2--n36 
71.378141 72.167619 111.440835 G4-NAKARAT2--n37 
72.260499 72.492698 250.722123 A5-NAKARAT2--n38 
72.585578 72.817778 264.187278 B5b5-NAKARAT2--n39 
72.910658 73.003537 250.722123 A5-NAKARAT2--n40 
73.049977 73.142857 222.881671 G5-NAKARAT2--n41 
73.189297 73.328617 222.881671 G5-NAKARAT2--n42 
73.375057 73.467937 208.773465 F5#4-NAKARAT2--n43 
74.954014 75.464853 222.881671 G5-MEYAN--n1 
75.511293 75.697052 222.881671 G5-MEYAN--n2 
75.743492 76.022132 222.881671 G5-MEYAN--n3 
76.068571 76.904490 222.881671 G5-MEYAN--n4 
76.997370 77.322449 250.722123 A5-MEYAN--n5 
77.368889 77.461769 264.187278 B5b5-MEYAN--n6 
77.508209 77.786848 250.722123 A5-MEYAN--n7 
77.833288 77.972608 264.187278 B5b5-MEYAN--n8 
78.065488 78.251247 250.722123 A5-MEYAN--n9 
78.344127 78.576327 222.881671 G5-MEYAN--n10 
78.622766 79.598005 222.881671 G5-MEYAN--n11 
79.690884 80.015964 250.722123 A5-MEYAN--n12 
80.062404 80.619683 278.375587 B5b1-MEYAN--n13 
80.666122 81.084082 297.187270 C6-MEYAN--n14 
81.130522 81.362721 278.375587 B5b1-MEYAN--n15 
81.409161 81.548481 250.722123 A5-MEYAN--n16 
81.641361 81.920000 250.722123 A5-MEYAN--n17 
81.966440 82.105760 278.375587 B5b1-MEYAN--n18 
82.152200 82.337959 297.187270 C6-MEYAN--n19 
82.384399 82.616599 334.309335 D6-MEYAN--n20 
82.663039 82.895238 297.187270 C6-MEYAN--n21 
82.941678 82.988118 278.375587 B5b1-MEYAN--n22 
83.034558 83.731156 250.722123 A5-MEYAN--n23 
83.824036 83.916916 222.881671 G5-MEYAN--n24 
83.963356 84.381315 222.881671 G5-MEYAN--n25 
84.427755 84.985034 222.881671 G5-MEYAN--n26 
85.077914 85.449433 222.881671 G5-MEYAN--n27 
85.542313 85.867392 278.375587 B5b1-MEYAN--n28 
85.913832 87.585669 278.375587 B5b1-MEYAN--n29 
87.678549 87.910748 297.187270 C6-MEYAN--n30 
88.003628 88.375147 278.375587 B5b1-MEYAN--n31 
88.421587 88.468027 250.722123 A5-MEYAN--n32 
88.514467 88.607347 222.881671 G5-MEYAN--n33 
88.700227 89.443265 278.375587 B5b1-MEYAN--n34 
89.536145 90.418503 278.375587 B5b1-MEYAN--n35 
90.511383 92.136780 278.375587 B5b1-MEYAN--n36 
92.136780 92.136780 334.309335 D6-MEYAN--n37 
92.136780 92.136780 297.187270 C6-MEYAN--n38 
92.136780 92.136780 278.375587 B5b1-MEYAN--n39 
92.229660 92.229660 297.187270 C6-MEYAN--n40 
93.762177 94.273016 334.309335 D6-MEYAN2--n1 
94.319456 94.505215 334.309335 D6-MEYAN2--n2 
94.551655 94.783855 334.309335 D6-MEYAN2--n3 
94.830295 95.573333 334.309335 D6-MEYAN2--n4 
95.619773 96.084172 334.309335 D6-MEYAN2--n5 
96.130612 96.316372 297.187270 C6-MEYAN2--n6 
96.362812 96.687891 278.375587 B5b1-MEYAN2--n7 
96.780771 96.873651 250.722123 A5-MEYAN2--n8 
96.920091 97.338050 222.881671 G5-MEYAN2--n9 
97.384490 97.523810 208.773465 F5#4-MEYAN2--n10 
97.570249 98.173968 222.881671 G5-MEYAN2--n11 
98.220408 98.684807 250.722123 A5-MEYAN2--n12 
98.777687 99.242086 278.375587 B5b1-MEYAN2--n13 
99.288526 99.520726 297.187270 C6-MEYAN2--n14 
99.567166 99.752925 278.375587 B5b1-MEYAN2--n15 
99.845805 99.985125 250.722123 A5-MEYAN2--n16 
100.031565 100.495964 250.722123 A5-MEYAN2--n17 
100.542404 100.681723 278.375587 B5b1-MEYAN2--n18 
100.728163 100.960363 297.187270 C6-MEYAN2--n19 
101.053243 101.471202 334.309335 D6-MEYAN2--n20 
101.564082 101.656961 297.187270 C6-MEYAN2--n21 
101.703401 101.889161 264.187278 B5b5-MEYAN2--n22 
101.982041 102.539320 250.722123 A5-MEYAN2--n23 
102.585760 102.817959 222.881671 G5-MEYAN2--n24 
102.864399 103.421678 222.881671 G5-MEYAN2--n25 
103.514558 104.025397 222.881671 G5-MEYAN2--n26 
104.071837 104.954195 222.881671 G5-MEYAN2--n27 
105.000635 105.093515 198.132652 F5-MEYAN2--n28 
105.139955 106.440272 250.722123 A5-MEYAN2--n29 
106.533152 106.718912 198.132652 F5-MEYAN2--n30 
106.811791 106.904671 176.131791 E5b5-MEYAN2--n31 
106.951111 107.183311 167.154667 D5-MEYAN2--n32 
107.276190 107.369070 264.187278 B5b5-MEYAN2--n33 
107.415510 107.601270 250.722123 A5-MEYAN2--n34 
107.833469 107.926349 222.881671 G5-MEYAN2--n35 
107.972789 108.251429 198.132652 F5-MEYAN2--n36 
108.297868 108.437188 176.131791 E5b5-MEYAN2--n37 
108.483628 108.669388 176.131791 E5b5-MEYAN2--n38 
108.762268 108.901587 167.154667 D5-MEYAN2--n39 
108.948027 110.016145 167.154667 D5-MEYAN2--n40 
110.109025 110.573424 167.154667 D5-MEYAN2--n41 
110.666304 110.852063 176.131791 E5b5-MEYAN2--n42 
110.898503 111.084263 167.154667 D5-MEYAN2--n43 
111.130703 111.316463 148.593635 C5-MEYAN2--n44 
111.316463 111.316463 132.093639 B4b5-MEYAN2--n45 
111.362902 111.362902 148.593635 C5-MEYAN2--n46 
111.548662 112.291701 167.154667 D5-NAKARAT*--n1 
112.384580 112.988299 167.154667 D5-NAKARAT*--n2 
113.081179 113.452698 167.154667 D5-NAKARAT*--n3 
113.545578 115.542494 264.187278 B5b5-NAKARAT*--n4 
115.588934 115.821134 264.187278 B5b5-NAKARAT*--n5 
115.914014 116.099773 250.722123 A5-NAKARAT*--n6 
116.192653 116.610612 250.722123 A5-NAKARAT*--n7 
116.657052 116.982132 250.722123 A5-NAKARAT*--n8 
117.075011 117.307211 222.881671 G5-NAKARAT*--n9 
117.353651 117.632290 222.881671 G5-NAKARAT*--n10 
117.678730 117.818050 222.881671 G5-NAKARAT*--n11 
117.910930 118.236009 198.132652 F5-NAKARAT*--n12 
118.328889 119.489887 198.132652 F5-NAKARAT*--n13 
119.582766 119.907846 222.881671 G5-NAKARAT*--n14 
119.954286 120.232925 198.132652 F5-NAKARAT*--n15 
120.279365 120.325805 176.131791 E5b5-NAKARAT*--n16 
120.372245 120.465125 167.154667 D5-NAKARAT*--n17 
120.511565 120.883084 176.131791 E5b5-NAKARAT*--n18 
120.929524 122.044082 176.131791 E5b5-NAKARAT*--n19 
122.136961 122.787120 176.131791 E5b5-NAKARAT*--n20 
122.833560 123.065760 176.131791 E5b5-NAKARAT*--n21 
123.158639 123.251519 167.154667 D5-NAKARAT*--n22 
123.297959 123.901678 176.131791 E5b5-NAKARAT*--n23 
123.994558 124.412517 167.154667 D5-NAKARAT*--n24 
124.505397 124.830476 222.881671 G5-NAKARAT*--n25 
124.923356 125.109116 198.132652 F5-NAKARAT*--n26 
125.155556 125.341315 176.131791 E5b5-NAKARAT*--n27 
125.387755 125.480635 167.154667 D5-NAKARAT*--n28 
125.573515 125.712834 148.593635 C5-NAKARAT*--n29 
125.759274 125.898594 139.187793 B4b1-NAKARAT*--n30 
125.945034 125.991474 148.593635 C5-NAKARAT*--n31 
126.084354 126.455873 167.154667 D5-NAKARAT*--n32 
126.548753 126.873832 148.593635 C5-NAKARAT*--n33 
126.966712 127.756190 198.132652 F5-NAKARAT*--n34 
127.849070 128.220590 176.131791 E5b5-NAKARAT*--n35 
128.267029 128.359909 167.154667 D5-NAKARAT*--n36 
128.406349 128.870748 167.154667 D5-NAKARAT*--n37 
128.917188 129.056508 167.154667 D5-NAKARAT*--n38 
129.102948 129.288707 176.131791 E5b5-NAKARAT*--n39 
129.381587 129.845986 167.154667 D5-NAKARAT*--n40 
129.892426 130.031746 148.593635 C5-NAKARAT*--n41 
130.124626 130.217506 132.093639 B4b5-NAKARAT*--n42 
130.263946 130.356825 148.593635 C5-NAKARAT*--n43 
130.681905 131.471383 167.154667 D5-NAKARAT2*--n1 
131.517823 132.260862 167.154667 D5-NAKARAT2*--n2 
132.353741 132.771701 167.154667 D5-NAKARAT2*--n3 
132.864580 134.536417 222.881671 G5-NAKARAT2*--n4 
134.629297 134.907937 222.881671 G5-NAKARAT2*--n5 
135.000816 135.279456 167.154667 D5-NAKARAT2*--n6 
135.372336 135.836735 167.154667 D5-NAKARAT2*--n7 
135.929615 136.254694 198.132652 F5-NAKARAT2*--n8 
136.301134 137.044172 198.132652 F5-NAKARAT2*--n9 
137.137052 137.694331 198.132652 F5-NAKARAT2*--n10 
137.740771 138.762449 198.132652 F5-NAKARAT2*--n11 
138.855329 139.087528 222.881671 G5-NAKARAT2*--n12 
139.180408 139.459048 198.132652 F5-NAKARAT2*--n13 
139.505488 139.784127 176.131791 E5b5-NAKARAT2*--n14 
139.877007 139.969887 167.154667 D5-NAKARAT2*--n15 
140.016327 140.294966 176.131791 E5b5-NAKARAT2*--n16 
140.387846 140.945125 176.131791 E5b5-NAKARAT2*--n17 
140.991565 141.130884 176.131791 E5b5-NAKARAT2*--n18 
141.177324 141.316644 167.154667 D5-NAKARAT2*--n19 
141.363084 141.966803 167.154667 D5-NAKARAT2*--n20 
142.013243 142.291882 167.154667 D5-NAKARAT2*--n21 
142.384762 142.616961 148.593635 C5-NAKARAT2*--n22 
142.663401 143.777959 148.593635 C5-NAKARAT2*--n23 
143.870839 144.195918 148.593635 C5-NAKARAT2*--n24 
144.288798 144.428118 158.635091 D5b4-NAKARAT2*--n25 
144.474558 144.753197 148.593635 C5-NAKARAT2*--n26 
144.846077 145.078277 158.635091 D5b4-NAKARAT2*--n27 
145.124717 145.264036 148.593635 C5-NAKARAT2*--n28 
145.310476 145.496236 132.093639 B4b5-NAKARAT2*--n29 
145.542676 146.053515 132.093639 B4b5-NAKARAT2*--n30 
146.146395 146.378594 125.361061 A4-NAKARAT2*--n31 
146.425034 146.517914 132.093639 B4b5-NAKARAT2*--n32 
146.610794 147.075193 167.154667 D5-NAKARAT2*--n33 
147.168073 147.493152 148.593635 C5-NAKARAT2*--n34 
147.539592 147.911111 132.093639 B4b5-NAKARAT2*--n35 
148.003991 148.329070 125.361061 A4-NAKARAT2*--n36 
148.421950 149.211429 111.440835 G4-NAKARAT2*--n37 
149.257868 149.257868 NaN Rest-NAKARAT2*--n38 
