1.253878 1.764717 196.567932 G4-1._HANE-n1 
1.811156 2.043356 393.135863 G5-1._HANE-n2 
2.089796 2.136236 393.135863 G5-1._HANE-n3 
2.229116 2.368435 414.249420 A5b5-1._HANE-n4 
2.461315 2.647075 393.135863 G5-1._HANE-n5 
2.693515 2.879274 349.481638 F5-1._HANE-n6 
2.972154 3.250794 310.674824 E5b5-1._HANE-n7 
3.297234 3.297234 294.840281 D5-1._HANE-n8 
3.343673 3.390113 310.674824 E5b5-1._HANE-n9 
3.482993 3.622313 349.481638 F5-1._HANE-n10 
3.715193 4.690431 393.135863 G5-1._HANE-n11 
4.783311 5.061950 393.135863 G5-1._HANE-n12 
5.108390 5.294150 393.135863 G5-1._HANE-n13 
5.340590 5.572789 414.249420 A5b5-1._HANE-n14 
5.665669 6.083628 524.201804 C6-1._HANE-n15 
6.176508 6.687347 465.993877 B5b5-1._HANE-n16 
6.733787 6.873107 414.249420 A5b5-1._HANE-n17 
6.965986 7.523265 393.135863 G5-1._HANE-n18 
7.662585 7.894785 349.481638 F5-1._HANE-n19 
7.941224 7.987664 393.135863 G5-1._HANE-n20 
8.034104 8.080544 349.481638 F5-1._HANE-n21 
8.126984 8.405624 310.674824 E5b5-1._HANE-n22 
8.498503 8.684263 294.840281 D5-1._HANE-n23 
8.730703 8.916463 310.674824 E5b5-1._HANE-n24 
8.962902 9.009342 262.100902 C5-1._HANE-n25 
9.102222 9.613061 232.996938 B4b5-1._HANE-n26 
9.705941 9.891701 310.674824 E5b5-1._HANE-n27 
9.984580 10.309660 294.840281 D5-1._HANE-n28 
10.402540 10.448980 349.481638 F5-1._HANE-n29 
10.495420 10.959819 310.674824 E5b5-1._HANE-n30 
11.052698 11.099138 393.135863 G5-1._HANE-n31 
11.145578 11.702857 349.481638 F5-1._HANE-n32 
11.749297 11.981497 414.249420 A5b5-1._HANE-n33 
12.074376 12.863855 393.135863 G5-1._HANE-n34 
12.910295 13.096054 349.481638 F5-1._HANE-n35 
13.188934 13.328254 310.674824 E5b5-1._HANE-n36 
13.374694 13.792653 310.674824 E5b5-1._HANE-n37 
13.839093 13.885533 524.201804 C6-1._HANE-n38 
14.071293 14.210612 465.993877 B5b5-1._HANE-n39 
14.257052 14.442812 414.249420 A5b5-1._HANE-n40 
14.535692 15.092971 393.135863 G5-1._HANE-n41 
15.185850 15.232290 349.481638 F5-1._HANE-n42 
15.278730 15.603810 310.674824 E5b5-1._HANE-n43 
15.650249 15.743129 294.840281 D5-1._HANE-n44 
15.789569 15.928889 310.674824 E5b5-1._HANE-n45 
16.021769 16.114649 349.481638 F5-1._HANE-n46 
16.207528 16.486168 393.135863 G5-1._HANE-n47 
17.136327 17.136327 393.135863 G5-1._HANE-n48 
17.693605 17.879365 414.249420 A5b5-TESLIM-n1 
17.972245 18.297324 393.135863 G5-TESLIM-n2 
18.390204 18.715283 349.481638 F5-TESLIM-n3 
18.808163 19.365442 310.674824 E5b5-TESLIM-n4 
19.458322 19.551202 294.840281 D5-TESLIM-n5 
19.644082 19.922721 262.100902 C5-TESLIM-n6 
19.969161 20.015601 232.996938 B4b5-TESLIM-n7 
20.062041 20.247800 262.100902 C5-TESLIM-n8 
20.340680 20.433560 294.840281 D5-TESLIM-n9 
20.480000 21.362358 310.674824 E5b5-TESLIM-n10 
21.408798 21.594558 310.674824 E5b5-TESLIM-n11 
21.640998 22.105397 294.840281 D5-TESLIM-n12 
22.198277 22.430476 310.674824 E5b5-TESLIM-n13 
22.523356 22.941315 393.135863 G5-TESLIM-n14 
23.034195 23.545034 349.481638 F5-TESLIM-n15 
23.637914 23.777234 294.840281 D5-TESLIM-n16 
23.870113 24.102313 310.674824 E5b5-TESLIM-n17 
24.148753 24.195193 294.840281 D5-TESLIM-n18 
24.241633 24.380952 310.674824 E5b5-TESLIM-n19 
24.473832 24.613152 262.100902 C5-TESLIM-n20 
24.659592 25.356190 294.840281 D5-TESLIM-n21 
25.449070 25.867029 294.840281 D5-TESLIM-n22 
25.959909 26.610068 196.567932 G4-TESLIM-n23 
26.749388 26.935147 310.674824 E5b5-TESLIM-n24 
27.028027 27.724626 294.840281 D5-TESLIM-n25 
27.817506 27.863946 262.100902 C5-TESLIM-n26 
27.910385 28.281905 262.100902 C5-TESLIM-n27 
28.421224 28.514104 310.674824 E5b5-TESLIM-n28 
28.606984 28.699864 294.840281 D5-TESLIM-n29 
28.746304 28.792744 262.100902 C5-TESLIM-n30 
28.839184 29.164263 262.100902 C5-TESLIM-n31 
29.210703 30.046621 262.100902 C5-TESLIM-n32 
30.139501 30.371701 232.996938 B4b5-TESLIM-n33 
30.418141 30.511020 262.100902 C5-TESLIM-n34 
30.557460 30.696780 294.840281 D5-TESLIM-n35 
30.789660 30.975420 310.674824 E5b5-TESLIM-n36 
31.021859 31.114739 294.840281 D5-TESLIM-n37 
31.161179 31.254059 262.100902 C5-TESLIM-n38 
31.393379 31.439819 232.996938 B4b5-TESLIM-n39 
31.532698 31.672018 294.840281 D5-TESLIM-n40 
31.764898 31.904218 262.100902 C5-TESLIM-n41 
31.997098 32.136417 232.996938 B4b5-TESLIM-n42 
32.229297 32.322177 232.996938 B4b5-TESLIM-n43 
32.461497 32.740136 207.124710 A4b5-TESLIM-n44 
32.786576 32.833016 207.124710 A4b5-TESLIM-n45 
32.879456 33.018776 196.567932 G4-TESLIM-n46 
33.065215 33.204535 232.996938 B4b5-TESLIM-n47 
33.297415 33.390295 262.100902 C5-TESLIM-n48 
33.483175 33.576054 294.840281 D5-TESLIM-n49 
33.668934 33.808254 310.674824 E5b5-TESLIM-n50 
33.901134 34.086893 349.481638 F5-TESLIM-n51 
34.133333 34.179773 393.135863 G5-TESLIM-n52 
34.319093 34.644172 414.249420 A5b5-TESLIM*-n1 
34.737052 35.062132 393.135863 G5-TESLIM*-n2 
35.155011 35.480091 349.481638 F5-TESLIM*-n3 
35.572971 36.269569 310.674824 E5b5-TESLIM*-n4 
36.316009 36.316009 294.840281 D5-TESLIM*-n5 
36.408889 36.687528 262.100902 C5-TESLIM*-n6 
36.733968 36.780408 232.996938 B4b5-TESLIM*-n7 
36.826848 36.966168 262.100902 C5-TESLIM*-n8 
37.012608 37.151927 294.840281 D5-TESLIM*-n9 
37.244807 38.498685 310.674824 E5b5-TESLIM*-n10 
38.591565 39.334603 310.674824 E5b5-TESLIM*-n11 
39.427483 39.799002 294.840281 D5-TESLIM*-n12 
39.891882 40.449161 310.674824 E5b5-TESLIM*-n13 
40.542041 41.192200 393.135863 G5-TESLIM*-n14 
41.238639 41.470839 349.481638 F5-TESLIM*-n15 
41.517279 41.656599 294.840281 D5-TESLIM*-n16 
41.703039 41.749478 310.674824 E5b5-TESLIM*-n17 
41.795918 41.935238 294.840281 D5-TESLIM*-n18 
41.981678 42.028118 310.674824 E5b5-TESLIM*-n19 
42.074558 42.120998 262.100902 C5-TESLIM*-n20 
42.167438 42.538957 294.840281 D5-TESLIM*-n21 
42.585397 42.724717 294.840281 D5-TESLIM*-n22 
42.771156 43.839274 196.567932 G4-TESLIM*-n23 
43.885714 43.885714 310.674824 E5b5-TESLIM*-n24 
43.932154 44.675193 294.840281 D5-TESLIM*-n25 
44.721633 45.093152 262.100902 C5-TESLIM*-n26 
45.186032 45.186032 262.100902 C5-TESLIM*-n27 
45.278912 45.278912 310.674824 E5b5-TESLIM*-n28 
45.371791 45.557551 294.840281 D5-TESLIM*-n29 
45.603991 45.650431 262.100902 C5-TESLIM*-n30 
45.743311 46.672109 262.100902 C5-TESLIM*-n31 
46.764989 46.950748 262.100902 C5-TESLIM*-n32 
47.090068 47.322268 232.996938 B4b5-TESLIM*-n33 
47.368707 47.415147 262.100902 C5-TESLIM*-n34 
47.461587 47.647347 294.840281 D5-TESLIM*-n35 
47.693787 48.018866 310.674824 E5b5-TESLIM*-n36 
48.111746 48.111746 294.840281 D5-TESLIM*-n37 
48.158186 48.204626 262.100902 C5-TESLIM*-n38 
48.297506 48.436825 232.996938 B4b5-TESLIM*-n39 
48.529705 48.622585 294.840281 D5-TESLIM*-n40 
48.715465 48.901224 262.100902 C5-TESLIM*-n41 
48.994104 49.086984 232.996938 B4b5-TESLIM*-n42 
49.133424 49.319184 232.996938 B4b5-TESLIM*-n43 
49.412063 49.783583 207.124710 A4b5-TESLIM*-n44 
49.876463 50.015782 207.124710 A4b5-TESLIM*-n45 
50.108662 50.387302 196.567932 G4-TESLIM*-n46 
50.480181 50.758821 196.567932 G4-TESLIM*-n47 
50.805261 50.805261 196.567932 G4-TESLIM*-n48 
51.362540 52.105578 196.567932 G4-2._HANE-n1 
52.198458 52.569977 294.840281 D5-2._HANE-n2 
52.616417 52.895057 294.840281 D5-2._HANE-n3 
52.987937 53.080816 314.764592 E5b4-2._HANE-n4 
53.127256 53.220136 294.840281 D5-2._HANE-n5 
53.266576 53.313016 262.100902 C5-2._HANE-n6 
53.359456 53.405896 294.840281 D5-2._HANE-n7 
53.452336 53.777415 262.100902 C5-2._HANE-n8 
53.870295 54.056054 245.510154 B4b1-2._HANE-n9 
54.102494 54.241814 262.100902 C5-2._HANE-n10 
54.334694 54.706213 294.840281 D5-2._HANE-n11 
54.752653 54.799093 314.764592 E5b4-2._HANE-n12 
54.845533 55.031293 294.840281 D5-2._HANE-n13 
55.077732 55.124172 314.764592 E5b4-2._HANE-n14 
55.170612 55.263492 294.840281 D5-2._HANE-n15 
55.356372 55.495692 262.100902 C5-2._HANE-n16 
55.588571 55.774331 245.510154 B4b1-2._HANE-n17 
55.820771 55.913651 262.100902 C5-2._HANE-n18 
56.006531 56.238730 294.840281 D5-2._HANE-n19 
56.285170 56.378050 314.764592 E5b4-2._HANE-n20 
56.424490 56.563810 294.840281 D5-2._HANE-n21 
56.610249 56.749569 262.100902 C5-2._HANE-n22 
56.842449 57.631927 245.510154 B4b1-2._HANE-n23 
57.724807 57.864127 262.100902 C5-2._HANE-n24 
57.910567 58.189206 245.510154 B4b1-2._HANE-n25 
58.235646 58.282086 209.851329 A4b4-2._HANE-n26 
58.328526 58.374966 209.851329 A4b4-2._HANE-n27 
58.421406 58.792925 196.567932 G4-2._HANE-n28 
58.839365 59.303764 196.567932 G4-2._HANE-n29 
59.396644 59.861043 184.125361 F4#4-2._HANE-n30 
59.907483 60.232562 196.567932 G4-2._HANE-n31 
60.325442 60.604082 209.851329 A4b4-2._HANE-n32 
60.696961 61.022041 245.510154 B4b1-2._HANE-n33 
61.114921 61.625760 262.100902 C5-2._HANE-n34 
61.765079 61.904399 196.567932 G4-2._HANE-n35 
61.997279 62.275918 209.851329 A4b4-2._HANE-n36 
62.322358 62.740317 245.510154 B4b1-2._HANE-n37 
62.786757 63.158277 262.100902 C5-2._HANE-n38 
63.251156 63.576236 294.840281 D5-2._HANE-n39 
63.669116 64.412154 314.764592 E5b4-2._HANE-n40 
64.458594 64.783673 262.100902 C5-2._HANE-n41 
64.876553 64.876553 294.840281 D5-2._HANE-n42 
64.922993 65.201633 314.764592 E5b4-2._HANE-n43 
65.294512 65.944671 368.250722 F5#4-2._HANE-n44 
65.991111 66.037551 314.764592 E5b4-2._HANE-n45 
66.083991 66.409070 314.764592 E5b4-2._HANE-n46 
66.501950 66.594830 491.020308 B5b1-2._HANE-n47 
66.687710 66.873469 419.702658 A5b4-2._HANE-n48 
66.966349 67.244989 393.135863 G5-2._HANE-n49 
67.337868 67.430748 393.135863 G5-2._HANE-n50 
67.477188 67.477188 393.135863 G5-2._HANE-n51 
68.638186 68.823946 414.249420 A5b5-TESLIM-n1 
68.870385 69.195465 393.135863 G5-TESLIM-n2 
69.288345 69.613424 349.481638 F5-TESLIM-n3 
69.706304 70.170703 310.674824 E5b5-TESLIM-n4 
70.310023 70.495782 294.840281 D5-TESLIM-n5 
70.588662 70.727982 262.100902 C5-TESLIM-n6 
70.774422 70.913741 232.996938 B4b5-TESLIM-n7 
70.960181 71.099501 262.100902 C5-TESLIM-n8 
71.192381 71.285261 294.840281 D5-TESLIM-n9 
71.331701 71.749660 310.674824 E5b5-TESLIM-n10 
71.796100 71.935420 310.674824 E5b5-TESLIM-n11 
71.981859 72.214059 294.840281 D5-TESLIM-n12 
72.260499 72.678458 310.674824 E5b5-TESLIM-n13 
72.724898 73.235737 393.135863 G5-TESLIM-n14 
73.282177 73.514376 349.481638 F5-TESLIM-n15 
73.560816 73.839456 294.840281 D5-TESLIM-n16 
73.932336 74.118095 310.674824 E5b5-TESLIM-n17 
74.210975 74.582494 294.840281 D5-TESLIM-n18 
74.675374 74.954014 310.674824 E5b5-TESLIM-n19 
75.046893 75.325533 262.100902 C5-TESLIM-n20 
75.418413 76.393651 294.840281 D5-TESLIM-n21 
76.440091 76.625850 294.840281 D5-TESLIM-n22 
76.672290 77.693968 196.567932 G4-TESLIM-n23 
77.740408 77.879728 310.674824 E5b5-TESLIM-n24 
77.926168 78.669206 294.840281 D5-TESLIM-n25 
78.762086 78.901406 262.100902 C5-TESLIM-n26 
78.947846 79.365805 262.100902 C5-TESLIM-n27 
79.412245 79.412245 310.674824 E5b5-TESLIM-n28 
79.505125 79.737324 294.840281 D5-TESLIM-n29 
79.830204 79.969524 262.100902 C5-TESLIM-n30 
80.015964 80.433923 262.100902 C5-TESLIM-n31 
80.480363 80.759002 262.100902 C5-TESLIM-n32 
80.851882 81.409161 232.996938 B4b5-TESLIM-n33 
81.502041 81.594921 262.100902 C5-TESLIM-n34 
81.687800 81.780680 294.840281 D5-TESLIM-n35 
81.873560 81.966440 310.674824 E5b5-TESLIM-n36 
82.059320 82.245079 294.840281 D5-TESLIM-n37 
82.291519 82.523719 262.100902 C5-TESLIM-n38 
82.570159 82.570159 232.996938 B4b5-TESLIM-n39 
82.663039 82.895238 294.840281 D5-TESLIM-n40 
82.941678 82.988118 262.100902 C5-TESLIM-n41 
83.080998 83.127438 232.996938 B4b5-TESLIM-n42 
83.173878 83.406077 232.996938 B4b5-TESLIM-n43 
83.545397 83.731156 207.124710 A4b5-TESLIM-n44 
83.777596 83.963356 207.124710 A4b5-TESLIM-n45 
84.009796 84.102676 196.567932 G4-TESLIM-n46 
84.149116 84.288435 232.996938 B4b5-TESLIM-n47 
84.381315 84.520635 262.100902 C5-TESLIM-n48 
84.567075 84.706395 294.840281 D5-TESLIM-n49 
84.799274 84.938594 310.674824 E5b5-TESLIM-n50 
84.985034 85.077914 349.481638 F5-TESLIM-n51 
85.170794 85.310113 393.135863 G5-TESLIM-n52 
85.449433 85.820952 414.249420 A5b5-TESLIM*-n1 
85.867392 86.192472 393.135863 G5-TESLIM*-n2 
86.238912 86.610431 349.481638 F5-TESLIM*-n3 
86.703311 87.167710 310.674824 E5b5-TESLIM*-n4 
87.307029 87.353469 294.840281 D5-TESLIM*-n5 
87.399909 87.771429 262.100902 C5-TESLIM*-n6 
87.817868 87.864308 232.996938 B4b5-TESLIM*-n7 
87.957188 88.050068 262.100902 C5-TESLIM*-n8 
88.142948 88.282268 294.840281 D5-TESLIM*-n9 
88.328707 89.164626 310.674824 E5b5-TESLIM*-n10 
89.211066 89.443265 310.674824 E5b5-TESLIM*-n11 
89.675465 89.954104 294.840281 D5-TESLIM*-n12 
90.046984 90.325624 310.674824 E5b5-TESLIM*-n13 
90.418503 90.882902 393.135863 G5-TESLIM*-n14 
90.975782 91.486621 349.481638 F5-TESLIM*-n15 
91.533061 91.625941 294.840281 D5-TESLIM*-n16 
91.672381 91.951020 310.674824 E5b5-TESLIM*-n17 
91.997460 92.043900 294.840281 D5-TESLIM*-n18 
92.136780 92.322540 310.674824 E5b5-TESLIM*-n19 
92.554739 92.601179 262.100902 C5-TESLIM*-n20 
92.647619 93.204898 294.840281 D5-TESLIM*-n21 
93.251338 93.576417 294.840281 D5-TESLIM*-n22 
93.669297 94.598095 196.567932 G4-TESLIM*-n23 
94.690975 95.062494 310.674824 E5b5-TESLIM*-n24 
95.108934 95.666213 294.840281 D5-TESLIM*-n25 
95.759093 95.805533 262.100902 C5-TESLIM*-n26 
95.851973 96.177052 262.100902 C5-TESLIM*-n27 
96.269932 96.362812 310.674824 E5b5-TESLIM*-n28 
96.409252 96.455692 294.840281 D5-TESLIM*-n29 
96.595011 96.734331 262.100902 C5-TESLIM*-n30 
96.827211 97.616689 262.100902 C5-TESLIM*-n31 
97.663129 98.034649 262.100902 C5-TESLIM*-n32 
98.081088 98.266848 232.996938 B4b5-TESLIM*-n33 
98.313288 98.591927 262.100902 C5-TESLIM*-n34 
98.684807 98.684807 294.840281 D5-TESLIM*-n35 
98.777687 98.870567 310.674824 E5b5-TESLIM*-n36 
98.963447 99.056327 294.840281 D5-TESLIM*-n37 
99.149206 99.242086 262.100902 C5-TESLIM*-n38 
99.288526 99.613605 232.996938 B4b5-TESLIM*-n39 
99.660045 99.799365 294.840281 D5-TESLIM*-n40 
99.845805 99.845805 262.100902 C5-TESLIM*-n41 
99.938685 99.985125 232.996938 B4b5-TESLIM*-n42 
100.031565 100.356644 232.996938 B4b5-TESLIM*-n43 
100.449524 100.635283 207.124710 A4b5-TESLIM*-n44 
100.681723 100.774603 207.124710 A4b5-TESLIM*-n45 
100.867483 101.192562 196.567932 G4-TESLIM*-n46 
101.239002 101.656961 196.567932 G4-TESLIM*-n47 
101.703401 101.889161 196.567932 G4-TESLIM*-n48 
102.632200 102.771519 331.669180 E5-3._HANE-n1 
102.817959 102.957279 294.840281 D5-3._HANE-n2 
103.003719 103.235918 331.669180 E5-3._HANE-n3 
103.328798 103.700317 262.100902 C5-3._HANE-n4 
103.793197 104.350476 232.996938 B4b5-3._HANE-n5 
104.396916 104.768435 414.249420 A5b5-3._HANE-n6 
104.861315 105.000635 393.135863 G5-3._HANE-n7 
105.093515 105.232834 414.249420 A5b5-3._HANE-n8 
105.325714 105.418594 349.481638 F5-3._HANE-n9 
105.511474 106.254512 393.135863 G5-3._HANE-n10 
106.300952 106.672472 393.135863 G5-3._HANE-n11 
106.765351 107.136871 393.135863 G5-3._HANE-n12 
107.229751 107.554830 414.249420 A5b5-3._HANE-n13 
107.647710 107.972789 442.242997 A5-3._HANE-n14 
108.019229 108.622948 465.993877 B5b5-3._HANE-n15 
108.715828 108.948027 393.135863 G5-3._HANE-n16 
109.040907 109.412426 414.249420 A5b5-3._HANE-n17 
109.505306 109.737506 393.135863 G5-3._HANE-n18 
109.783946 109.830385 349.481638 F5-3._HANE-n19 
109.876825 109.969705 327.359770 E5b1-3._HANE-n20 
110.016145 110.341224 349.481638 F5-3._HANE-n21 
110.387664 111.084263 349.481638 F5-3._HANE-n22 
111.130703 111.409342 349.481638 F5-3._HANE-n23 
111.455782 111.873741 327.359770 E5b1-3._HANE-n24 
111.920181 112.198821 349.481638 F5-3._HANE-n25 
112.291701 112.709660 414.249420 A5b5-3._HANE-n26 
112.802540 113.081179 393.135863 G5-3._HANE-n27 
113.174059 113.499138 349.481638 F5-3._HANE-n28 
113.592018 113.917098 314.764592 E5b4-3._HANE-n29 
114.009977 114.474376 294.840281 D5-3._HANE-n30 
114.520816 114.799456 276.177161 C5#4-3._HANE-n31 
114.845896 115.170975 294.840281 D5-3._HANE-n32 
115.263855 116.471293 314.764592 E5b4-3._HANE-n33 
116.564172 116.564172 368.250722 F5#4-3._HANE-n34 
116.610612 116.889252 393.135863 G5-3._HANE-n35 
116.982132 117.121451 368.250722 F5#4-3._HANE-n36 
117.167891 117.214331 314.764592 E5b4-3._HANE-n37 
117.260771 117.585850 314.764592 E5b4-3._HANE-n38 
117.632290 117.957370 491.020308 B5b1-3._HANE-n39 
118.050249 118.050249 419.702658 A5b4-3._HANE-n40 
118.096689 118.282449 393.135863 G5-3._HANE-n41 
118.328889 118.793288 393.135863 G5-3._HANE-n42 
118.839728 119.118367 393.135863 G5-3._HANE-n43 
119.582766 119.907846 414.249420 A5b5-TESLIM-n1 
120.000726 120.325805 393.135863 G5-TESLIM-n2 
120.418685 120.743764 349.481638 F5-TESLIM-n3 
120.836644 121.347483 310.674824 E5b5-TESLIM-n4 
121.440363 121.486803 294.840281 D5-TESLIM-n5 
121.533243 121.904762 262.100902 C5-TESLIM-n6 
121.997642 122.044082 232.996938 B4b5-TESLIM-n7 
122.090522 122.183401 262.100902 C5-TESLIM-n8 
122.276281 122.462041 294.840281 D5-TESLIM-n9 
122.508481 123.297959 310.674824 E5b5-TESLIM-n10 
123.344399 123.576599 310.674824 E5b5-TESLIM-n11 
123.623039 124.087438 294.840281 D5-TESLIM-n12 
124.180317 124.505397 310.674824 E5b5-TESLIM-n13 
124.598277 125.109116 393.135863 G5-TESLIM-n14 
125.201995 126.316553 349.481638 F5-TESLIM-n15 
126.409433 126.548753 294.840281 D5-TESLIM-n16 
126.595193 126.641633 310.674824 E5b5-TESLIM-n17 
126.688073 126.827392 294.840281 D5-TESLIM-n18 
126.920272 127.198912 310.674824 E5b5-TESLIM-n19 
127.245351 127.291791 262.100902 C5-TESLIM-n20 
127.338231 127.709751 294.840281 D5-TESLIM-n21 
127.756190 127.895510 294.840281 D5-TESLIM-n22 
127.941950 128.684989 196.567932 G4-TESLIM-n23 
128.824308 129.335147 310.674824 E5b5-TESLIM-n24 
129.381587 129.799546 294.840281 D5-TESLIM-n25 
129.892426 129.938866 262.100902 C5-TESLIM-n26 
129.985306 130.263946 262.100902 C5-TESLIM-n27 
130.356825 130.449705 310.674824 E5b5-TESLIM-n28 
130.542585 130.728345 294.840281 D5-TESLIM-n29 
130.821224 130.867664 262.100902 C5-TESLIM-n30 
130.914104 131.471383 262.100902 C5-TESLIM-n31 
131.517823 132.075102 262.100902 C5-TESLIM-n32 
132.121542 132.400181 232.996938 B4b5-TESLIM-n33 
132.446621 132.539501 262.100902 C5-TESLIM-n34 
132.632381 132.771701 294.840281 D5-TESLIM-n35 
132.864580 133.096780 310.674824 E5b5-TESLIM-n36 
133.143220 133.189660 294.840281 D5-TESLIM-n37 
133.236100 133.282540 262.100902 C5-TESLIM-n38 
133.328980 133.607619 232.996938 B4b5-TESLIM-n39 
133.654059 133.746939 294.840281 D5-TESLIM-n40 
133.793379 134.025578 262.100902 C5-TESLIM-n41 
134.072018 134.304218 232.996938 B4b5-TESLIM-n42 
134.397098 134.397098 232.996938 B4b5-TESLIM-n43 
134.489977 134.768617 207.124710 A4b5-TESLIM-n44 
134.815057 134.815057 207.124710 A4b5-TESLIM-n45 
134.907937 135.000816 196.567932 G4-TESLIM-n46 
135.093696 135.325896 232.996938 B4b5-TESLIM-n47 
135.372336 135.418776 262.100902 C5-TESLIM-n48 
135.465215 135.697415 294.840281 D5-TESLIM-n49 
135.743855 135.790295 310.674824 E5b5-TESLIM-n50 
135.883175 136.068934 349.481638 F5-TESLIM-n51 
136.161814 136.301134 393.135863 G5-TESLIM-n52 
136.626213 136.811973 414.249420 A5b5-TESLIM*-n1 
136.904853 137.137052 393.135863 G5-TESLIM*-n2 
137.276372 137.555011 349.481638 F5-TESLIM*-n3 
137.647891 138.112290 310.674824 E5b5-TESLIM*-n4 
138.251610 138.390930 294.840281 D5-TESLIM*-n5 
138.483810 138.623129 262.100902 C5-TESLIM*-n6 
138.669569 138.762449 232.996938 B4b5-TESLIM*-n7 
138.808889 139.041088 262.100902 C5-TESLIM*-n8 
139.133968 139.319728 294.840281 D5-TESLIM*-n9 
139.366168 140.202086 310.674824 E5b5-TESLIM*-n10 
140.248526 140.480726 310.674824 E5b5-TESLIM*-n11 
140.573605 140.991565 294.840281 D5-TESLIM*-n12 
141.084444 141.409524 310.674824 E5b5-TESLIM*-n13 
141.455964 141.827483 393.135863 G5-TESLIM*-n14 
141.920363 142.431202 349.481638 F5-TESLIM*-n15 
142.524082 142.616961 294.840281 D5-TESLIM*-n16 
142.709841 142.942041 310.674824 E5b5-TESLIM*-n17 
142.988481 143.034921 294.840281 D5-TESLIM*-n18 
143.127800 143.499320 310.674824 E5b5-TESLIM*-n19 
143.545760 143.545760 262.100902 C5-TESLIM*-n20 
143.638639 144.103039 294.840281 D5-TESLIM*-n21 
144.195918 144.567438 294.840281 D5-TESLIM*-n22 
144.613878 145.496236 196.567932 G4-TESLIM*-n23 
145.635556 145.774875 310.674824 E5b5-TESLIM*-n24 
145.821315 146.610794 294.840281 D5-TESLIM*-n25 
146.703673 146.842993 262.100902 C5-TESLIM*-n26 
146.935873 147.214512 262.100902 C5-TESLIM*-n27 
147.307392 147.400272 310.674824 E5b5-TESLIM*-n28 
147.493152 147.632472 294.840281 D5-TESLIM*-n29 
147.678912 147.725351 262.100902 C5-TESLIM*-n30 
147.771791 148.189751 262.100902 C5-TESLIM*-n31 
148.654150 148.839909 262.100902 C5-TESLIM*-n32 
149.072109 149.304308 232.996938 B4b5-TESLIM*-n33 
149.397188 149.443628 262.100902 C5-TESLIM*-n34 
149.490068 149.815147 294.840281 D5-TESLIM*-n35 
149.908027 149.908027 310.674824 E5b5-TESLIM*-n36 
150.000907 150.140227 294.840281 D5-TESLIM*-n37 
150.186667 150.279546 262.100902 C5-TESLIM*-n38 
150.325986 150.465306 232.996938 B4b5-TESLIM*-n39 
150.558186 150.697506 294.840281 D5-TESLIM*-n40 
150.790385 150.929705 262.100902 C5-TESLIM*-n41 
151.022585 151.394104 232.996938 B4b5-TESLIM*-n42 
151.486984 151.486984 232.996938 B4b5-TESLIM*-n43 
151.579864 151.765624 207.124710 A4b5-TESLIM*-n44 
151.858503 152.090703 207.124710 A4b5-TESLIM*-n45 
152.183583 152.369342 196.567932 G4-TESLIM*-n46 
152.462222 152.555102 196.567932 G4-TESLIM*-n47 
152.601542 152.601542 196.567932 G4-TESLIM*-n48 
153.530340 153.716100 349.481638 F5-4._HANE-n1 
153.808980 153.855420 393.135863 G5-4._HANE-n2 
153.948299 154.087619 414.249420 A5b5-4._HANE-n3 
154.180499 154.226939 393.135863 G5-4._HANE-n4 
154.319819 154.366259 349.481638 F5-4._HANE-n5 
154.412698 154.505578 310.674824 E5b5-4._HANE-n6 
154.552018 154.644898 294.840281 D5-4._HANE-n7 
154.830658 154.877098 262.100902 C5-4._HANE-n8 
154.969977 155.248617 327.359770 E5b1-4._HANE-n9 
155.295057 155.387937 349.481638 F5-4._HANE-n10 
155.480816 155.713016 393.135863 G5-4._HANE-n11 
155.759456 156.316735 393.135863 G5-4._HANE-n12 
156.363175 156.548934 393.135863 G5-4._HANE-n13 
156.641814 156.734694 419.702658 A5b4-4._HANE-n14 
156.827574 156.920454 491.020308 B5b1-4._HANE-n15 
156.966893 157.013333 524.201804 C6-4._HANE-n16 
157.059773 157.106213 491.020308 B5b1-4._HANE-n17 
157.245533 157.338413 419.702658 A5b4-4._HANE-n18 
157.384853 157.477732 419.702658 A5b4-4._HANE-n19 
157.524172 157.570612 393.135863 G5-4._HANE-n20 
157.617052 157.663492 349.481638 F5-4._HANE-n21 
157.756372 157.942132 491.020308 B5b1-4._HANE-n22 
158.035011 158.220771 419.702658 A5b4-4._HANE-n23 
158.313651 158.360091 393.135863 G5-4._HANE-n24 
158.406531 158.778050 393.135863 G5-4._HANE-n25 
158.824490 159.242449 393.135863 G5-4._HANE-n26 
159.335329 159.521088 294.840281 D5-4._HANE-n27 
159.613968 159.939048 327.359770 E5b1-4._HANE-n28 
159.985488 159.985488 349.481638 F5-4._HANE-n29 
160.078367 160.124807 327.359770 E5b1-4._HANE-n30 
160.217687 160.496327 349.481638 F5-4._HANE-n31 
160.542766 160.635646 327.359770 E5b1-4._HANE-n32 
160.682086 160.914286 349.481638 F5-4._HANE-n33 
161.007166 161.192925 393.135863 G5-4._HANE-n34 
161.285805 161.285805 414.249420 A5b5-4._HANE-n35 
161.332245 161.378685 393.135863 G5-4._HANE-n36 
161.471565 161.564444 349.481638 F5-4._HANE-n37 
161.657324 161.796644 310.674824 E5b5-4._HANE-n38 
161.843084 161.843084 294.840281 D5-4._HANE-n39 
161.889524 162.028844 262.100902 C5-4._HANE-n40 
162.075283 162.168163 414.249420 A5b5-4._HANE-n41 
162.261043 162.307483 393.135863 G5-4._HANE-n42 
162.353923 162.446803 349.481638 F5-4._HANE-n43 
162.493243 162.539683 310.674824 E5b5-4._HANE-n44 
162.586122 162.586122 294.840281 D5-4._HANE-n45 
162.818322 163.096961 262.100902 C5-4._HANE-n46 
163.189841 163.189841 232.996938 B4b5-4._HANE-n47 
163.236281 163.236281 196.567932 G4-4._HANE-n48 
163.282721 163.793560 207.124710 A4b5-4._HANE-n49 
163.886440 163.886440 174.740819 F4-4._HANE-n50 
163.932880 164.257959 196.567932 G4-4._HANE-n51 
164.304399 164.722358 196.567932 G4-4._HANE-n52 
164.815238 165.047438 349.481638 F5-4._HANE-n53 
165.140317 165.326077 393.135863 G5-4._HANE-n54 
165.372517 165.372517 414.249420 A5b5-4._HANE-n55 
165.465397 165.511837 393.135863 G5-4._HANE-n56 
165.558277 165.651156 349.481638 F5-4._HANE-n57 
165.744036 165.883356 310.674824 E5b5-4._HANE-n58 
165.929796 165.929796 294.840281 D5-4._HANE-n59 
165.976236 166.069116 262.100902 C5-4._HANE-n60 
166.161995 166.394195 327.359770 E5b1-4._HANE-n61 
166.440635 166.626395 349.481638 F5-4._HANE-n62 
166.672834 166.905034 393.135863 G5-4._HANE-n63 
166.997914 167.648073 393.135863 G5-4._HANE-n64 
167.694512 167.694512 393.135863 G5-4._HANE-n65 
167.740952 167.787392 419.702658 A5b4-4._HANE-n66 
167.880272 167.926712 491.020308 B5b1-4._HANE-n67 
168.019592 168.112472 524.201804 C6-4._HANE-n68 
168.205351 168.251791 491.020308 B5b1-4._HANE-n69 
168.298231 168.344671 419.702658 A5b4-4._HANE-n70 
168.437551 168.530431 419.702658 A5b4-4._HANE-n71 
168.576871 168.669751 393.135863 G5-4._HANE-n72 
168.762630 168.994830 349.481638 F5-4._HANE-n73 
169.087710 169.087710 491.020308 B5b1-4._HANE-n74 
169.134150 169.134150 419.702658 A5b4-4._HANE-n75 
169.180590 169.366349 393.135863 G5-4._HANE-n76 
169.412789 169.598549 393.135863 G5-4._HANE-n77 
169.691429 170.109388 393.135863 G5-4._HANE-n78 
170.295147 170.527347 294.840281 D5-4._HANE-n79 
170.573787 170.666667 327.359770 E5b1-4._HANE-n80 
170.759546 171.084626 349.481638 F5-4._HANE-n81 
171.131066 171.131066 327.359770 E5b1-4._HANE-n82 
171.223946 171.456145 349.481638 F5-4._HANE-n83 
171.502585 171.595465 327.359770 E5b1-4._HANE-n84 
171.688345 171.874104 349.481638 F5-4._HANE-n85 
171.966984 172.152744 393.135863 G5-4._HANE-n86 
172.199184 172.245624 414.249420 A5b5-4._HANE-n87 
172.292063 172.338503 393.135863 G5-4._HANE-n88 
172.431383 172.477823 349.481638 F5-4._HANE-n89 
172.524263 172.756463 310.674824 E5b5-4._HANE-n90 
172.802902 172.802902 294.840281 D5-4._HANE-n91 
172.895782 172.988662 262.100902 C5-4._HANE-n92 
173.035102 173.127982 414.249420 A5b5-4._HANE-n93 
173.174422 173.267302 393.135863 G5-4._HANE-n94 
173.360181 173.406621 349.481638 F5-4._HANE-n95 
173.499501 173.545941 310.674824 E5b5-4._HANE-n96 
173.638821 173.685261 294.840281 D5-4._HANE-n97 
173.778141 173.917460 262.100902 C5-4._HANE-n98 
173.963900 174.149660 232.996938 B4b5-4._HANE-n99 
174.242540 174.242540 196.567932 G4-4._HANE-n100 
174.288980 174.799819 207.124710 A4b5-4._HANE-n101 
174.846259 174.846259 174.740819 F4-4._HANE-n102 
174.892698 175.217778 196.567932 G4-4._HANE-n103 
175.264218 175.821497 196.567932 G4-4._HANE-n104 
175.867937 175.914376 414.249420 A5b5-4._HANE-n105 
175.960816 176.053696 393.135863 G5-4._HANE-n106 
176.100136 176.146576 349.481638 F5-4._HANE-n107 
176.239456 176.285896 310.674824 E5b5-4._HANE-n108 
176.378776 176.471655 294.840281 D5-4._HANE-n109 
176.518095 176.610975 262.100902 C5-4._HANE-n110 
176.703855 176.796735 232.996938 B4b5-4._HANE-n111 
176.843175 176.936054 262.100902 C5-4._HANE-n112 
177.028934 177.075374 294.840281 D5-4._HANE-n113 
177.121814 177.214694 310.674824 E5b5-4._HANE-n114 
177.307574 177.493333 294.840281 D5-4._HANE-n115 
177.539773 177.539773 349.481638 F5-4._HANE-n116 
177.632653 178.004172 310.674824 E5b5-4._HANE-n117 
178.050612 178.422132 310.674824 E5b5-4._HANE-n118 
178.515011 178.747211 294.840281 D5-4._HANE-n119 
178.840091 178.932971 310.674824 E5b5-4._HANE-n120 
178.979410 179.165170 327.359770 E5b1-4._HANE-n121 
179.258050 179.443810 349.481638 F5-4._HANE-n122 
179.490249 179.676009 368.250722 F5#4-4._HANE-n123 
179.768889 179.861769 393.135863 G5-4._HANE-n124 
179.908209 180.001088 419.702658 A5b4-4._HANE-n125 
180.047528 180.140408 393.135863 G5-4._HANE-n126 
180.186848 180.233288 368.250722 F5#4-4._HANE-n127 
180.326168 180.976327 393.135863 G5-4._HANE-n128 
181.069206 181.347846 524.201804 C6-4._HANE-n129 
181.394286 181.580045 524.201804 C6-4._HANE-n130 
181.626485 181.672925 465.993877 B5b5-4._HANE-n131 
181.765805 182.044444 414.249420 A5b5-4._HANE-n132 
182.090884 182.090884 393.135863 G5-4._HANE-n133 
182.137324 182.415964 349.481638 F5-4._HANE-n134 
182.462404 182.973243 310.674824 E5b5-4._HANE-n135 
183.019683 183.019683 294.840281 D5-4._HANE-n136 
183.066122 183.019683 310.674824 E5b5-4._HANE-n137 
183.066122 183.762721 262.100902 C5-4._HANE-n138 
183.902041 184.041361 232.996938 B4b5-4._HANE-n139 
184.087800 184.227120 232.996938 B4b5-4._HANE-n140 
184.273560 184.273560 262.100902 C5-4._HANE-n141 
184.366440 184.412880 294.840281 D5-4._HANE-n142 
184.505760 184.552200 310.674824 E5b5-4._HANE-n143 
184.645079 184.784399 294.840281 D5-4._HANE-n144 
184.877279 184.877279 262.100902 C5-4._HANE-n145 
184.923719 185.109478 232.996938 B4b5-4._HANE-n146 
185.202358 185.527438 207.124710 A4b5-4._HANE-n147 
185.573878 185.573878 207.124710 A4b5-4._HANE-n148 
185.620317 185.620317 196.567932 G4-4._HANE-n149 
185.666757 186.641995 196.567932 G4-4._HANE-n150 
186.734875 186.734875 196.567932 G4-4._HANE-n151 
186.781315 186.827755 414.249420 A5b5-4._HANE-n152 
186.874195 186.920635 393.135863 G5-4._HANE-n153 
187.013515 187.106395 349.481638 F5-4._HANE-n154 
187.152834 187.292154 310.674824 E5b5-4._HANE-n155 
187.338594 187.431474 294.840281 D5-4._HANE-n156 
187.477914 187.524354 262.100902 C5-4._HANE-n157 
187.617234 187.663673 232.996938 B4b5-4._HANE-n158 
187.756553 187.942313 262.100902 C5-4._HANE-n159 
187.988753 187.988753 294.840281 D5-4._HANE-n160 
188.035193 188.174512 310.674824 E5b5-4._HANE-n161 
188.220952 188.267392 294.840281 D5-4._HANE-n162 
188.360272 188.499592 349.481638 F5-4._HANE-n163 
188.592472 189.010431 310.674824 E5b5-4._HANE-n164 
189.056871 189.335510 310.674824 E5b5-4._HANE-n165 
189.381950 189.660590 294.840281 D5-4._HANE-n166 
189.753469 189.799909 310.674824 E5b5-4._HANE-n167 
189.846349 190.124989 327.359770 E5b1-4._HANE-n168 
190.217868 190.264308 349.481638 F5-4._HANE-n169 
190.310748 190.542948 368.250722 F5#4-4._HANE-n170 
190.589388 190.821587 393.135863 G5-4._HANE-n171 
190.914467 190.914467 419.702658 A5b4-4._HANE-n172 
190.960907 191.007347 393.135863 G5-4._HANE-n173 
191.053787 191.100227 368.250722 F5#4-4._HANE-n174 
191.193107 191.796825 393.135863 G5-4._HANE-n175 
191.889705 192.121905 524.201804 C6-4._HANE-n176 
192.168345 192.446984 524.201804 C6-4._HANE-n177 
192.493424 192.586304 465.993877 B5b5-4._HANE-n178 
192.632744 192.818503 414.249420 A5b5-4._HANE-n179 
192.911383 193.236463 393.135863 G5-4._HANE-n180 
193.329342 193.329342 349.481638 F5-4._HANE-n181 
193.422222 193.422222 310.674824 E5b5-4._HANE-n182 
193.468662 193.700862 294.840281 D5-4._HANE-n183 
193.747302 193.747302 310.674824 E5b5-4._HANE-n184 
193.793741 194.443900 262.100902 C5-4._HANE-n185 
195.001179 195.047619 232.996938 B4b5-4._HANE-n186 
195.094059 195.233379 232.996938 B4b5-4._HANE-n187 
195.279819 195.279819 262.100902 C5-4._HANE-n188 
195.372698 195.465578 294.840281 D5-4._HANE-n189 
195.558458 195.604898 310.674824 E5b5-4._HANE-n190 
195.697778 195.883537 294.840281 D5-4._HANE-n191 
195.976417 196.069297 262.100902 C5-4._HANE-n192 
196.162177 196.487256 232.996938 B4b5-4._HANE-n193 
196.533696 196.626576 207.124710 A4b5-4._HANE-n194 
196.719456 196.998095 207.124710 A4b5-4._HANE-n195 
197.137415 197.230295 196.567932 G4-4._HANE-n196 
197.276735 197.601814 196.567932 G4-4._HANE-n197 
197.648254 197.926893 196.567932 G4-4._HANE-n198 
199.459410 200.434649 414.249420 A5b5-TESLIM-n1 
200.527528 200.527528 393.135863 G5-TESLIM-n2 
200.620408 201.131247 349.481638 F5-TESLIM-n3 
201.224127 202.338685 310.674824 E5b5-TESLIM-n4 
202.385125 202.385125 294.840281 D5-TESLIM-n5 
202.478005 202.849524 262.100902 C5-TESLIM-n6 
202.895964 202.988844 232.996938 B4b5-TESLIM-n7 
203.035283 203.221043 262.100902 C5-TESLIM-n8 
203.313923 203.592562 294.840281 D5-TESLIM-n9 
203.639002 204.149841 310.674824 E5b5-TESLIM-n10 
204.289161 204.614240 310.674824 E5b5-TESLIM-n11 
204.660680 204.939320 294.840281 D5-TESLIM-n12 
204.985760 205.450159 310.674824 E5b5-TESLIM-n13 
205.543039 206.564717 393.135863 G5-TESLIM-n14 
206.657596 207.725714 349.481638 F5-TESLIM-n15 
207.818594 208.282993 294.840281 D5-TESLIM-n16 
208.375873 208.561633 310.674824 E5b5-TESLIM-n17 
208.608073 208.700952 294.840281 D5-TESLIM-n18 
208.747392 208.933152 310.674824 E5b5-TESLIM-n19 
208.979592 209.304671 262.100902 C5-TESLIM-n20 
209.397551 210.883628 294.840281 D5-TESLIM-n21 
210.930068 211.162268 294.840281 D5-TESLIM-n22 
211.301587 212.648345 196.567932 G4-TESLIM-n23 
212.694785 212.694785 310.674824 E5b5-TESLIM-n24 
212.787664 213.809342 294.840281 D5-TESLIM-n25 
213.855782 214.087982 262.100902 C5-TESLIM-n26 
214.180862 214.459501 262.100902 C5-TESLIM-n27 
214.552381 214.645261 310.674824 E5b5-TESLIM-n28 
214.738141 215.109660 294.840281 D5-TESLIM-n29 
215.156100 215.388299 262.100902 C5-TESLIM-n30 
215.434739 215.992018 262.100902 C5-TESLIM-n31 
216.038458 216.595737 262.100902 C5-TESLIM-n32 
216.688617 217.106576 232.996938 B4b5-TESLIM-n33 
217.199456 217.756735 262.100902 C5-TESLIM-n34 
217.849615 217.849615 294.840281 D5-TESLIM-n35 
217.896054 217.988934 310.674824 E5b5-TESLIM-n36 
218.035374 218.267574 294.840281 D5-TESLIM-n37 
218.314014 218.499773 262.100902 C5-TESLIM-n38 
218.592653 218.778413 232.996938 B4b5-TESLIM-n39 
218.871293 219.149932 294.840281 D5-TESLIM-n40 
219.242812 219.428571 262.100902 C5-TESLIM-n41 
219.475011 219.892971 232.996938 B4b5-TESLIM-n42 
219.985850 219.985850 232.996938 B4b5-TESLIM-n43 
220.032290 220.357370 207.124710 A4b5-TESLIM-n44 
220.450249 220.450249 207.124710 A4b5-TESLIM-n45 
220.496689 220.728889 196.567932 G4-TESLIM-n46 
220.775329 221.007528 232.996938 B4b5-TESLIM-n47 
221.100408 221.239728 262.100902 C5-TESLIM-n48 
221.286168 221.425488 294.840281 D5-TESLIM-n49 
221.471927 221.657687 310.674824 E5b5-TESLIM-n50 
221.750567 221.936327 349.481638 F5-TESLIM-n51 
222.029206 222.029206 393.135863 G5-TESLIM-n52 
222.168526 222.493605 414.249420 A5b5-TESLIM*-n1 
222.586485 222.911565 393.135863 G5-TESLIM*-n2 
222.958005 223.097324 349.481638 F5-TESLIM*-n3 
223.190204 223.840363 310.674824 E5b5-TESLIM*-n4 
223.933243 224.119002 294.840281 D5-TESLIM*-n5 
224.211882 224.444082 262.100902 C5-TESLIM*-n6 
224.490522 224.536961 232.996938 B4b5-TESLIM*-n7 
224.583401 224.676281 262.100902 C5-TESLIM*-n8 
224.815601 224.954921 294.840281 D5-TESLIM*-n9 
225.001361 225.512200 310.674824 E5b5-TESLIM*-n10 
225.558639 225.976599 310.674824 E5b5-TESLIM*-n11 
226.069478 226.487438 294.840281 D5-TESLIM*-n12 
226.533878 226.858957 310.674824 E5b5-TESLIM*-n13 
226.951837 227.741315 393.135863 G5-TESLIM*-n14 
227.834195 227.834195 349.481638 F5-TESLIM*-n15 
227.927075 228.066395 294.840281 D5-TESLIM*-n16 
228.159274 228.205714 310.674824 E5b5-TESLIM*-n17 
228.252154 228.391474 294.840281 D5-TESLIM*-n18 
228.530794 228.670113 310.674824 E5b5-TESLIM*-n19 
228.716553 228.855873 262.100902 C5-TESLIM*-n20 
228.902313 229.320272 294.840281 D5-TESLIM*-n21 
229.413152 229.738231 294.840281 D5-TESLIM*-n22 
229.877551 230.667029 196.567932 G4-TESLIM*-n23 
230.806349 230.992109 310.674824 E5b5-TESLIM*-n24 
231.084989 231.642268 294.840281 D5-TESLIM*-n25 
231.735147 231.781587 262.100902 C5-TESLIM*-n26 
231.828027 232.106667 262.100902 C5-TESLIM*-n27 
232.199546 232.292426 310.674824 E5b5-TESLIM*-n28 
232.385306 232.524626 294.840281 D5-TESLIM*-n29 
232.571066 232.617506 262.100902 C5-TESLIM*-n30 
232.663946 232.989025 262.100902 C5-TESLIM*-n31 
233.035465 234.057143 262.100902 C5-TESLIM*-n32 
234.103583 234.335782 232.996938 B4b5-TESLIM*-n33 
234.428662 234.475102 262.100902 C5-TESLIM*-n34 
234.521542 234.660862 294.840281 D5-TESLIM*-n35 
234.753741 234.985941 310.674824 E5b5-TESLIM*-n36 
235.078821 235.218141 294.840281 D5-TESLIM*-n37 
235.311020 235.450340 262.100902 C5-TESLIM*-n38 
235.543220 235.682540 232.996938 B4b5-TESLIM*-n39 
235.728980 235.914739 294.840281 D5-TESLIM*-n40 
236.007619 236.239819 262.100902 C5-TESLIM*-n41 
236.286259 236.425578 232.996938 B4b5-TESLIM*-n42 
236.472018 236.704218 232.996938 B4b5-TESLIM*-n43 
236.843537 237.122177 207.124710 A4b5-TESLIM*-n44 
237.168617 237.354376 207.124710 A4b5-TESLIM*-n45 
237.400816 237.540136 196.567932 G4-TESLIM*-n46 
237.586576 238.329615 196.567932 G4-TESLIM*-n47 
238.376054 238.933333 196.567932 G4-TESLIM*-n48 
