1492.857324 1494.018322 717.897552 F5-1._HANE-n1 
1494.111202 1494.436281 681.307590 E5-1._HANE-n2 
1494.482721 1495.086440 717.897552 F5-1._HANE-n3 
1495.132880 1495.597279 717.897552 F5-1._HANE-n4 
1495.643719 1496.108118 807.571109 G5-1._HANE-n5 
1496.154558 1496.433197 908.445912 A5-1._HANE-n6 
1496.526077 1497.176236 807.571109 G5-1._HANE-n7 
1497.222676 1497.361995 717.897552 F5-1._HANE-n8 
1497.408435 1497.640635 681.307590 E5-1._HANE-n9 
1497.687075 1498.337234 717.897552 F5-1._HANE-n10 
1498.430113 1499.405351 681.307590 E5-1._HANE-n11 
1499.451791 1500.241270 605.654469 D5-1._HANE-n12 
1500.287710 1501.309388 605.654469 D5-1._HANE-n13 
1501.355828 1501.820227 681.307590 E5-1._HANE-n14 
1501.913107 1502.284626 717.897552 F5-1._HANE-n15 
1502.331066 1503.027664 681.307590 E5-1._HANE-n16 
1503.166984 1504.095782 605.654469 D5-1._HANE-n17 
1504.188662 1504.978141 681.307590 E5-1._HANE-n18 
1505.024580 1505.024580 605.654469 D5-1._HANE-n19 
1505.071020 1505.256780 538.401951 C5-1._HANE-n20 
1505.349660 1505.628299 504.321600 B4b1-1._HANE-n21 
1505.674739 1506.185578 538.401951 C5-1._HANE-n22 
1506.232018 1506.742857 538.401951 C5-1._HANE-n23 
1506.835737 1507.671655 605.654469 D5-1._HANE-n24 
1507.764535 1508.461134 681.307590 E5-1._HANE-n25 
1508.507574 1508.832653 605.654469 D5-1._HANE-n26 
1508.925533 1509.157732 538.401951 C5-1._HANE-n27 
1509.250612 1509.807891 605.654469 D5-1._HANE-n28 
1509.900771 1510.550930 605.654469 D5-1._HANE-n29 
1510.597370 1510.643810 908.445912 A5-1._HANE-n30 
1510.690249 1510.736689 807.571109 G5-1._HANE-n31 
1510.783129 1511.340408 908.445912 A5-1._HANE-n32 
1511.433288 1511.897687 807.571109 G5-1._HANE-n33 
1511.990567 1512.176327 717.897552 F5-1._HANE-n34 
1512.269206 1512.594286 681.307590 E5-1._HANE-n35 
1512.640726 1513.337324 717.897552 F5-1._HANE-n36 
1513.383764 1513.615964 681.307590 E5-1._HANE-n37 
1513.662404 1514.080363 681.307590 E5-1._HANE-n38 
1514.219683 1514.405442 807.571109 G5-1._HANE-n39 
1514.451882 1514.498322 717.897552 F5-1._HANE-n40 
1514.544762 1515.055601 807.571109 G5-1._HANE-n41 
1515.102041 1516.495238 717.897552 F5-1._HANE-n42 
1516.588118 1517.656236 538.401951 C5-1._HANE-n43 
1517.749116 1518.724354 717.897552 F5-1._HANE-n44 
1518.817234 1519.281633 717.897552 F5-1._HANE-n45 
1519.328073 1519.606712 807.571109 G5-1._HANE-n46 
1519.653152 1520.117551 717.897552 F5-1._HANE-n47 
1520.163991 1520.396190 681.307590 E5-1._HANE-n48 
1520.442630 1520.767710 681.307590 E5-1._HANE-n49 
1520.814150 1521.603628 717.897552 F5-1._HANE-n50 
1521.650068 1522.114467 681.307590 E5-1._HANE-n51 
1522.207347 1522.625306 605.654469 D5-1._HANE-n52 
1522.718186 1523.368345 681.307590 E5-1._HANE-n53 
1523.414785 1523.693424 605.654469 D5-1._HANE-n54 
1523.786304 1523.786304 538.401951 C5-1._HANE-n55 
1523.832744 1524.018503 504.321600 B4b1-1._HANE-n56 
1524.111383 1524.993741 538.401951 C5-1._HANE-n57 
1525.086621 1525.829660 605.654469 D5-1._HANE-n58 
1525.922540 1526.851338 605.654469 D5-1._HANE-n59 
1526.897778 1527.176417 538.401951 C5-1._HANE-n60 
1527.269297 1527.873016 605.654469 D5-1._HANE-n61 
1527.965896 1528.801814 538.401951 C5-1._HANE-n62 
1528.894694 1529.962812 478.617225 B4b5-1._HANE-n63 
1530.009252 1530.334331 478.617225 B4b5-1._HANE-n64 
1530.380771 1531.077370 454.222956 A4-1._HANE-n65 
1531.170249 1531.681088 403.785554 G4-1._HANE-n66 
1531.773968 1532.331247 358.948776 F4-1._HANE-n67 
1532.377687 1532.702766 358.948776 F4-1._HANE-n68 
1532.749206 1533.399365 478.617225 B4b5-1._HANE-n69 
1533.445805 1534.467483 478.617225 B4b5-1._HANE-n70 
1534.513923 1534.746122 538.401951 C5-1._HANE-n71 
1534.839002 1535.256961 478.617225 B4b5-1._HANE-n72 
1535.349841 1536.185760 454.222956 A4-1._HANE-n73 
1536.232200 1536.696599 403.785554 G4-1._HANE-n74 
1536.789478 1537.068118 454.222956 A4-1._HANE-n75 
1537.253878 1537.718277 403.785554 G4-1._HANE-n76 
1537.764717 1538.136236 358.948776 F4-1._HANE-n77 
1538.182676 1538.414875 340.653795 E4-1._HANE-n78 
1538.507755 1539.018594 358.948776 F4-1._HANE-n79 
1539.111474 1539.529433 340.653795 E4-1._HANE-n80 
1539.622313 1540.365351 340.653795 E4-1._HANE-n81 
1540.458231 1540.876190 403.785554 G4-1._HANE-n82 
1540.922630 1542.130068 340.653795 E4-1._HANE-n83 
1542.222948 1542.222948 358.948776 F4-1._HANE-n84 
1542.315828 1543.523265 807.571109 G5-1._HANE-n85 
1543.616145 1543.616145 717.897552 F5-1._HANE-n86 
1543.709025 1544.080544 807.571109 G5-1._HANE-n87 
1545.659501 1545.984580 807.571109 G5-2._HANE-n1 
1546.031020 1546.263220 717.897552 F5-2._HANE-n2 
1546.309660 1546.495420 681.307590 E5-2._HANE-n3 
1546.541859 1546.727619 717.897552 F5-2._HANE-n4 
1546.774059 1547.331338 681.307590 E5-2._HANE-n5 
1547.424218 1548.213696 717.897552 F5-2._HANE-n6 
1548.260136 1549.188934 807.571109 G5-2._HANE-n7 
1549.235374 1550.257052 807.571109 G5-2._HANE-n8 
1550.303492 1550.907211 807.571109 G5-2._HANE-n9 
1551.000091 1551.696689 862.144039 A5b4-2._HANE-n10 
1551.743129 1551.743129 807.571109 G5-2._HANE-n11 
1551.789569 1552.207528 717.897552 F5-2._HANE-n12 
1552.253968 1552.439728 807.571109 G5-2._HANE-n13 
1552.532608 1552.764807 862.144039 A5b4-2._HANE-n14 
1552.857687 1553.043447 1008.643199 B5b1-2._HANE-n15 
1553.089887 1553.414966 862.144039 A5b4-2._HANE-n16 
1553.461406 1553.786485 807.571109 G5-2._HANE-n17 
1553.832925 1554.297324 807.571109 G5-2._HANE-n18 
1554.390204 1555.272562 717.897552 F5-2._HANE-n19 
1555.365442 1555.365442 717.897552 F5-2._HANE-n20 
1555.411882 1555.876281 681.307590 E5-2._HANE-n21 
1555.922721 1557.362358 717.897552 F5-2._HANE-n22 
1557.455238 1557.687438 862.144039 A5b4-2._HANE-n23 
1557.780317 1558.709116 807.571109 G5-2._HANE-n24 
1558.801995 1559.452154 862.144039 A5b4-2._HANE-n25 
1559.545034 1559.823673 862.144039 A5b4-2._HANE-n26 
1559.962993 1560.427392 1008.643199 B5b1-2._HANE-n27 
1560.473832 1560.845351 862.144039 A5b4-2._HANE-n28 
1560.938231 1561.216871 807.571109 G5-2._HANE-n29 
1561.263311 1561.681270 807.571109 G5-2._HANE-n30 
1561.727710 1562.377868 862.144039 A5b4-2._HANE-n31 
1562.424308 1562.749388 807.571109 G5-2._HANE-n32 
1562.795828 1562.981587 717.897552 F5-2._HANE-n33 
1563.028027 1563.445986 717.897552 F5-2._HANE-n34 
1563.538866 1564.142585 807.571109 G5-2._HANE-n35 
1564.235465 1564.839184 717.897552 F5-2._HANE-n36 
1564.932063 1565.628662 681.307590 E5-2._HANE-n37 
1565.721542 1565.721542 681.307590 E5-2._HANE-n38 
1565.767982 1566.278821 717.897552 F5-2._HANE-n39 
1566.325261 1566.511020 681.307590 E5-2._HANE-n40 
1566.603900 1566.789660 574.785338 D5b4-2._HANE-n41 
1566.836100 1567.068299 574.785338 D5b4-2._HANE-n42 
1567.114739 1567.114739 538.401951 C5-2._HANE-n43 
1567.207619 1567.393379 574.785338 D5b4-2._HANE-n44 
1567.439819 1567.486259 681.307590 E5-2._HANE-n45 
1567.532698 1568.322177 574.785338 D5b4-2._HANE-n46 
1568.415057 1569.158095 538.401951 C5-2._HANE-n47 
1569.204535 1570.458413 538.401951 C5-2._HANE-n48 
1570.504853 1571.387211 538.401951 C5-2._HANE-n49 
1571.480091 1571.712290 504.321600 B4b1-2._HANE-n50 
1571.758730 1572.223129 538.401951 C5-2._HANE-n51 
1572.269569 1572.780408 574.785338 D5b4-2._HANE-n52 
1572.826848 1573.105488 681.307590 E5-2._HANE-n53 
1573.198367 1573.523447 574.785338 D5b4-2._HANE-n54 
1573.569887 1573.848526 538.401951 C5-2._HANE-n55 
1573.941406 1574.173605 538.401951 C5-2._HANE-n56 
1574.220045 1575.055964 574.785338 D5b4-2._HANE-n57 
1575.148844 1575.566803 538.401951 C5-2._HANE-n58 
1575.659683 1575.984762 504.321600 B4b1-2._HANE-n59 
1576.031202 1576.634921 538.401951 C5-2._HANE-n60 
1576.681361 1577.517279 605.654469 D5-2._HANE-n61 
1577.563719 1578.492517 605.654469 D5-2._HANE-n62 
1578.585397 1578.771156 538.401951 C5-2._HANE-n63 
1578.864036 1580.442993 605.654469 D5-2._HANE-n64 
1580.582313 1580.582313 538.401951 C5-2._HANE-n65 
1580.628753 1581.371791 478.617225 B4b5-2._HANE-n66 
1581.418231 1581.975510 478.617225 B4b5-2._HANE-n67 
1582.068390 1582.904308 454.222956 A4-2._HANE-n68 
1582.950748 1583.554467 403.785554 G4-2._HANE-n69 
1583.600907 1584.483265 358.948776 F4-2._HANE-n70 
1584.576145 1584.576145 358.948776 F4-2._HANE-n71 
1584.622585 1585.272744 478.617225 B4b5-2._HANE-n72 
1585.319184 1586.433741 478.617225 B4b5-2._HANE-n73 
1586.480181 1586.805261 538.401951 C5-2._HANE-n74 
1586.898141 1587.408980 478.617225 B4b5-2._HANE-n75 
1587.455420 1588.244898 454.222956 A4-2._HANE-n76 
1588.337778 1588.802177 403.785554 G4-2._HANE-n77 
1588.848617 1589.220136 454.222956 A4-2._HANE-n78 
1589.266576 1589.823855 403.785554 G4-2._HANE-n79 
1589.870295 1590.334694 358.948776 F4-2._HANE-n80 
1590.381134 1590.520454 340.653795 E4-2._HANE-n81 
1590.566893 1591.217052 358.948776 F4-2._HANE-n82 
1591.263492 1591.774331 340.653795 E4-2._HANE-n83 
1591.867211 1592.424490 340.653795 E4-2._HANE-n84 
1592.517370 1592.888889 403.785554 G4-2._HANE-n85 
1592.935329 1593.074649 340.653795 E4-2._HANE-n86 
1593.121088 1594.189206 358.948776 F4-2._HANE-n87 
1594.235646 1594.746485 908.445912 A5-2._HANE-n88 
1594.792925 1595.721723 807.571109 G5-2._HANE-n89 
1595.814603 1596.464762 908.445912 A5-2._HANE-n90 
1596.696961 1597.440000 807.571109 G5-3._HANE-n1 
1597.486440 1599.065397 908.445912 A5-3._HANE-n2 
1599.111837 1599.483356 807.571109 G5-3._HANE-n3 
1599.529796 1599.854875 957.234449 B5b5-3._HANE-n4 
1599.947755 1600.226395 908.445912 A5-3._HANE-n5 
1600.365714 1600.783673 807.571109 G5-3._HANE-n6 
1600.830113 1601.155193 717.897552 F5-3._HANE-n7 
1601.248073 1601.851791 681.307590 E5-3._HANE-n8 
1601.898231 1602.362630 717.897552 F5-3._HANE-n9 
1602.409070 1602.455510 681.307590 E5-3._HANE-n10 
1602.501950 1602.827029 605.654469 D5-3._HANE-n11 
1602.873469 1603.012789 567.317095 C5#4-3._HANE-n12 
1603.059229 1604.173787 605.654469 D5-3._HANE-n13 
1604.359546 1604.359546 605.654469 D5-3._HANE-n14 
1604.452426 1604.684626 1076.803902 C6-3._HANE-n15 
1604.916825 1605.149025 1008.643199 B5b1-3._HANE-n16 
1605.241905 1606.077823 1211.308938 D6-3._HANE-n17 
1606.170703 1606.727982 1076.803902 C6-3._HANE-n18 
1606.774422 1607.099501 1008.643199 B5b1-3._HANE-n19 
1607.192381 1608.028299 1076.803902 C6-3._HANE-n20 
1608.121179 1608.121179 1008.643199 B5b1-3._HANE-n21 
1608.214059 1610.303855 908.445912 A5-3._HANE-n22 
1610.350295 1610.768254 908.445912 A5-3._HANE-n23 
1610.814694 1611.046893 908.445912 A5-3._HANE-n24 
1611.139773 1611.697052 908.445912 A5-3._HANE-n25 
1611.743492 1611.743492 957.234449 B5b5-3._HANE-n26 
1611.836372 1612.161451 908.445912 A5-3._HANE-n27 
1612.207891 1612.393651 807.571109 G5-3._HANE-n28 
1612.486531 1613.043810 807.571109 G5-3._HANE-n29 
1613.136689 1613.508209 717.897552 F5-3._HANE-n30 
1613.601088 1614.344127 681.307590 E5-3._HANE-n31 
1614.390567 1614.854966 717.897552 F5-3._HANE-n32 
1614.901406 1615.319365 681.307590 E5-3._HANE-n33 
1615.365805 1615.551565 605.654469 D5-3._HANE-n34 
1615.598005 1615.783764 681.307590 D5-3._HANE-n35 
1615.830204 1616.062404 605.654469 C5#4-3._HANE-n36 
1616.108844 1617.687800 567.317095 D5-3._HANE-n37 
1617.734240 1618.663039 605.654469 D5-3._HANE-n38 
1618.755918 1619.359637 605.654469 D5-3._HANE-n39 
1619.406077 1619.731156 605.654469 D5-3._HANE-n40 
1619.824036 1620.195556 605.654469 D5-3._HANE-n41 
1620.241995 1620.567075 605.654469 E5-3._HANE-n42 
1620.613515 1621.077914 681.307590 D5-3._HANE-n43 
1621.124354 1621.310113 605.654469 C5#4-3._HANE-n44 
1621.356553 1621.635193 567.317095 C5#4-3._HANE-n45 
1621.728073 1622.517551 567.317095 D5-3._HANE-n46 
1622.563991 1622.935510 605.654469 C5#4-3._HANE-n47 
1622.981950 1623.167710 567.317095 B4b4-3._HANE-n48 
1623.214150 1623.260590 484.917810 B4b4-3._HANE-n49 
1623.307029 1623.446349 484.917810 A4-3._HANE-n50 
1623.492789 1623.771429 454.222956 B4b4-3._HANE-n51 
1623.864308 1624.328707 484.917810 C5#4-3._HANE-n52 
1624.421587 1624.885986 567.317095 B4b4-3._HANE-n53 
1624.932426 1625.164626 484.917810 A4-3._HANE-n54 
1625.211066 1626.279184 454.222956 A4-3._HANE-n55 
1626.372063 1626.743583 454.222956 C5-3._HANE-n56 
1626.790023 1627.393741 538.401951 B4b1-3._HANE-n57 
1627.440181 1627.811701 504.321600 C5-3._HANE-n58 
1627.858141 1628.276100 538.401951 C5-3._HANE-n59 
1628.322540 1628.461859 538.401951 C5-3._HANE-n60 
1628.508299 1629.344218 538.401951 D5-3._HANE-n61 
1629.437098 1631.062494 605.654469 C5-3._HANE-n62 
1631.108934 1631.851973 538.401951 B4b5-3._HANE-n63 
1631.898413 1632.362812 478.617225 B4b5-3._HANE-n64 
1632.455692 1633.105850 478.617225 A4-3._HANE-n65 
1633.198730 1633.709569 454.222956 G4-3._HANE-n66 
1633.756009 1634.081088 403.785554 F4-3._HANE-n67 
1634.173968 1634.591927 358.948776 F4-3._HANE-n68 
1634.638367 1635.985125 358.948776 B4b5-3._HANE-n69 
1636.078005 1636.078005 478.617225 B4b5-3._HANE-n70 
1636.170884 1636.495964 478.617225 C5-3._HANE-n71 
1636.588844 1636.913923 538.401951 B4b5-3._HANE-n72 
1636.960363 1637.842721 478.617225 A4-3._HANE-n73 
1637.935601 1638.307120 454.222956 G4-3._HANE-n74 
1638.400000 1638.725079 403.785554 A4-3._HANE-n75 
1638.817959 1639.375238 454.222956 G4-3._HANE-n76 
1639.421678 1639.793197 403.785554 F4-3._HANE-n77 
1639.839637 1640.582676 358.948776 E4-3._HANE-n78 
1640.675556 1640.675556 340.653795 F4-3._HANE-n79 
1640.768435 1641.000635 358.948776 E4-3._HANE-n80 
1641.093515 1641.836553 340.653795 E4-3._HANE-n81 
1641.929433 1642.347392 340.653795 G4-3._HANE-n82 
1642.393832 1642.579592 403.785554 E4-3._HANE-n83 
1642.672472 1644.669388 340.653795 F4-3._HANE-n84 
1644.762268 1644.762268 358.948776 B5b5-3._HANE-n85 
1644.808707 1645.365986 957.234449 A5-3._HANE-n86 
1645.412426 1646.016145 908.445912 B5b5-3._HANE-n87 
1646.666304 1647.270023 908.445912 A5-4._HANE-n1 
1647.316463 1647.780862 957.234449 B5b5-4._HANE-n2 
1647.873741 1648.198821 957.234449 B5b5-4._HANE-n3 
1648.291701 1648.895420 1076.803902 C6-4._HANE-n4 
1648.988299 1649.452698 957.234449 B5b5-4._HANE-n5 
1649.545578 1649.870658 908.445912 A5-4._HANE-n6 
1649.963537 1650.613696 957.234449 B5b5-4._HANE-n7 
1650.660136 1650.706576 908.445912 A5-4._HANE-n8 
1650.753016 1650.985215 807.571109 G5-4._HANE-n9 
1651.078095 1651.496054 908.445912 A5-4._HANE-n10 
1651.588934 1652.424853 807.571109 G5-4._HANE-n11 
1652.471293 1653.121451 717.897552 F5-4._HANE-n12 
1653.167891 1654.003810 717.897552 F5-4._HANE-n13 
1654.096689 1654.653968 807.571109 G5-4._HANE-n14 
1654.746848 1655.025488 908.445912 A5-4._HANE-n15 
1655.118367 1655.907846 807.571109 G5-4._HANE-n16 
1656.000726 1656.604444 717.897552 F5-4._HANE-n17 
1656.697324 1657.022404 807.571109 G5-4._HANE-n18 
1657.115283 1657.347483 908.445912 A5-4._HANE-n19 
1657.486803 1657.672562 807.571109 G5-4._HANE-n20 
1657.719002 1658.090522 908.445912 A5-4._HANE-n21 
1658.136961 1659.158639 908.445912 A5-4._HANE-n22 
1659.205079 1659.808798 908.445912 A5-4._HANE-n23 
1659.901678 1660.551837 717.897552 F5-4._HANE-n24 
1660.598277 1660.598277 807.571109 G5-4._HANE-n25 
1660.644717 1661.062676 908.445912 A5-4._HANE-n26 
1661.109116 1661.619955 957.234449 B5b5-4._HANE-n27 
1661.712834 1662.409433 908.445912 A5-4._HANE-n28 
1662.502313 1662.688073 807.571109 G5-4._HANE-n29 
1662.780952 1663.338231 908.445912 A5-4._HANE-n30 
1663.431111 1663.849070 807.571109 G5-4._HANE-n31 
1663.895510 1664.313469 717.897552 F5-4._HANE-n32 
1664.406349 1664.824308 717.897552 F5-4._HANE-n33 
1664.917188 1665.428027 681.307590 E5-4._HANE-n34 
1665.706667 1666.310385 681.307590 E5-4._HANE-n35 
1666.356825 1666.542585 605.654469 D5-4._HANE-n36 
1666.589025 1666.728345 605.654469 D5-4._HANE-n37 
1666.774785 1666.960544 567.317095 C5#4-4._HANE-n38 
1667.006984 1668.446621 605.654469 D5-4._HANE-n39 
1668.539501 1668.539501 605.654469 D5-4._HANE-n40 
1668.585941 1669.096780 717.897552 F5-4._HANE-n41 
1669.143220 1669.561179 717.897552 F5-4._HANE-n42 
1669.654059 1670.211338 807.571109 G5-4._HANE-n43 
1670.304218 1670.675737 717.897552 F5-4._HANE-n44 
1670.722177 1671.000816 681.307590 E5-4._HANE-n45 
1671.047256 1671.325896 681.307590 E5-4._HANE-n46 
1671.418776 1672.161814 717.897552 F5-4._HANE-n47 
1672.254694 1672.626213 681.307590 E5-4._HANE-n48 
1672.672653 1672.858413 605.654469 D5-4._HANE-n49 
1672.951293 1673.415692 681.307590 E5-4._HANE-n50 
1673.462132 1673.647891 605.654469 D5-4._HANE-n51 
1673.740771 1674.158730 538.401951 C5-4._HANE-n52 
1674.205170 1674.483810 504.321600 B4b1-4._HANE-n53 
1674.530249 1675.319728 538.401951 C5-4._HANE-n54 
1675.412608 1676.016327 605.654469 D5-4._HANE-n55 
1676.062766 1677.223764 605.654469 D5-4._HANE-n56 
1677.270204 1677.455964 538.401951 C5-4._HANE-n57 
1677.502404 1678.059683 605.654469 D5-4._HANE-n58 
1678.152562 1678.988481 538.401951 C5-4._HANE-n59 
1679.081361 1679.870839 478.617225 B4b5-4._HANE-n60 
1679.917279 1680.195918 478.617225 B4b5-4._HANE-n61 
1680.288798 1681.031837 454.222956 A4-4._HANE-n62 
1681.124717 1681.542676 403.785554 G4-4._HANE-n63 
1681.635556 1681.914195 358.948776 F4-4._HANE-n64 
1682.007075 1682.471474 358.948776 F4-4._HANE-n65 
1682.564354 1684.050431 478.617225 B4b5-4._HANE-n66 
1684.096871 1684.096871 478.617225 B4b5-4._HANE-n67 
1684.143311 1684.421950 538.401951 C5-4._HANE-n68 
1684.607710 1685.768707 478.617225 B4b5-4._HANE-n69 
1685.861587 1685.861587 454.222956 A4-4._HANE-n70 
1685.954467 1686.233107 403.785554 G4-4._HANE-n71 
1686.325986 1686.743946 454.222956 A4-4._HANE-n72 
1686.836825 1687.208345 403.785554 G4-4._HANE-n73 
1687.301224 1687.765624 358.948776 F4-4._HANE-n74 
1687.858503 1688.044263 340.653795 E4-4._HANE-n75 
1688.137143 1688.926621 358.948776 F4-4._HANE-n76 
1688.973061 1689.251701 340.653795 E4-4._HANE-n77 
1689.344580 1690.041179 340.653795 E4-4._HANE-n78 
1690.134059 1690.691338 403.785554 G4-4._HANE-n79 
1690.737778 1690.877098 340.653795 E4-4._HANE-n80 
1690.923537 1692.920454 358.948776 F4-4._HANE-n81 
1693.013333 1693.338413 269.200976 C4-4._HANE-n82 
1693.384853 1693.663492 302.827235 D4-4._HANE-n83 
1693.756372 1693.663492 340.653795 E4-4._HANE-n84 
1693.756372 1693.756372 358.948776 F4-4._HANE-n85 
