1.486077 2.647075 205.186861 C5#4-1._HANE-n1 
2.693515 2.693515 233.855539 E5b4-1._HANE-n2 
2.786395 5.201270 219.052697 D5-1._HANE-n3 
5.294150 6.083628 219.052697 D5-1._HANE-n4 
6.176508 6.548027 233.855539 E5b4-1._HANE-n5 
6.594467 7.012426 273.593261 F5#4-1._HANE-n6 
7.105306 8.730703 233.855539 E5b4-1._HANE-n7 
8.870023 8.870023 219.052697 D5-1._HANE-n8 
8.916463 9.241542 233.855539 E5b4-1._HANE-n9 
9.334422 9.613061 219.052697 D5-1._HANE-n10 
9.659501 9.798821 205.186861 C5#4-1._HANE-n11 
9.845261 10.263220 219.052697 D5-1._HANE-n12 
10.356100 10.588299 205.186861 C5#4-1._HANE-n13 
10.681179 11.052698 219.052697 D5-1._HANE-n14 
11.099138 11.609977 175.384744 B4b4-1._HANE-n15 
11.702857 12.306576 205.186861 C5#4-1._HANE-n16 
12.399456 12.678095 219.052697 D5-1._HANE-n17 
12.770975 13.003175 175.384744 B4b4-1._HANE-n18 
13.096054 13.328254 205.186861 C5#4-1._HANE-n19 
13.421134 13.978413 219.052697 D5-1._HANE-n20 
14.024853 14.257052 233.855539 E5b4-1._HANE-n21 
14.349932 14.767891 219.052697 D5-1._HANE-n22 
14.860771 15.278730 205.186861 C5#4-1._HANE-n23 
15.371610 15.975329 175.384744 B4b4-1._HANE-n24 
16.021769 16.161088 164.283050 A4-1._HANE-n25 
16.207528 16.346848 146.040885 G4-1._HANE-n26 
16.393288 16.764807 219.052697 D5-1._HANE-n27 
16.904127 17.368526 205.186861 C5#4-1._HANE-n28 
17.461406 18.343764 219.052697 D5-1._HANE-n29 
18.436644 18.808163 219.052697 D5-1._HANE-n30 
18.901043 19.319002 219.052697 D5-1._HANE-n31 
19.365442 19.690522 233.855539 E5b4-1._HANE-n32 
19.783401 20.201361 273.593261 F5#4-1._HANE-n33 
20.247800 20.526440 233.855539 E5b4-1._HANE-n34 
20.572880 21.408798 219.052697 D5-1._HANE-n35 
21.455238 21.733878 233.855539 E5b4-1._HANE-n36 
21.826757 22.105397 219.052697 D5-1._HANE-n37 
22.151837 22.244717 205.186861 C5#4-1._HANE-n38 
22.291156 22.430476 175.384744 B4b4-1._HANE-n39 
22.476916 22.894875 205.186861 C5#4-1._HANE-n40 
22.987755 23.637914 219.052697 D5-1._HANE-n41 
23.684354 24.845351 205.186861 C5#4-1._HANE-n42 
24.891791 24.891791 175.384744 B4b4-1._HANE-n43 
24.984671 26.702948 219.052697 D5-1._HANE-n44 
26.795828 27.863946 219.052697 D5-1._HANE-n45 
27.910385 28.189025 233.855539 E5b4-1._HANE-n46 
28.281905 28.606984 273.593261 F5#4-1._HANE-n47 
28.699864 29.210703 219.052697 D5-1._HANE-n48 
29.257143 30.278821 219.052697 D5-1._HANE-n49 
30.371701 30.650340 233.855539 E5b4-1._HANE-n50 
30.743220 31.068299 273.593261 F5#4-1._HANE-n51 
31.161179 31.346939 233.855539 E5b4-1._HANE-n52 
31.439819 31.764898 219.052697 D5-1._HANE-n53 
31.857778 32.089977 233.855539 E5b4-1._HANE-n54 
32.182857 32.415057 273.593261 F5#4-1._HANE-n55 
32.461497 32.693696 292.081770 G5-1._HANE-n56 
32.786576 33.343855 328.566100 A5-1._HANE-n57 
33.436735 34.226213 273.593261 F5#4-1._HANE-n58 
34.319093 35.062132 292.081770 G5-1._HANE-n59 
35.108571 36.083810 273.593261 F5#4-1._HANE-n60 
36.176689 36.501769 328.566100 A5-1._HANE-n61 
36.594649 37.709206 292.081770 G5-1._HANE-n62 
37.802086 38.127166 273.593261 F5#4-1._HANE-n63 
38.220045 38.545125 292.081770 G5-1._HANE-n64 
38.591565 38.638005 292.081770 G5-1._HANE-n65 
38.730884 38.823764 273.593261 F5#4-1._HANE-n66 
38.916644 39.148844 233.855539 E5b4-1._HANE-n67 
39.241723 39.613243 233.855539 E5b4-1._HANE-n68 
39.659683 40.542041 219.052697 D5-1._HANE-n69 
40.774240 40.774240 194.728852 C5-1._HANE-n70 
40.867120 41.052880 273.593261 F5#4-1._HANE-n71 
41.099320 41.238639 233.855539 E5b4-1._HANE-n72 
41.285079 41.285079 273.593261 F5#4-1._HANE-n73 
41.377959 42.678277 292.081770 G5-1._HANE-n74 
42.771156 43.049796 273.593261 F5#4-1._HANE-n75 
43.142676 43.374875 292.081770 G5-1._HANE-n76 
43.467755 43.932154 328.566100 A5-1._HANE-n77 
44.025034 44.350113 350.769488 B5b4-1._HANE-n78 
44.442993 44.953832 328.566100 A5-1._HANE-n79 
45.000272 45.139592 292.081770 G5-1._HANE-n80 
45.186032 45.464671 328.566100 A5-1._HANE-n81 
45.511111 45.557551 292.081770 G5-1._HANE-n82 
45.603991 45.696871 273.593261 F5#4-1._HANE-n83 
45.743311 45.836190 233.855539 E5b4-1._HANE-n84 
45.882630 45.975510 219.052697 D5-1._HANE-n85 
46.021950 46.114830 233.855539 E5b4-1._HANE-n86 
46.207710 46.300590 273.593261 F5#4-1._HANE-n87 
46.347029 46.486349 292.081770 G5-1._HANE-n88 
46.532789 47.090068 233.855539 E5b4-1._HANE-n89 
47.275828 47.322268 292.081770 G5-1._HANE-n90 
47.368707 48.390385 273.593261 F5#4-1._HANE-n91 
48.483265 48.483265 273.593261 F5#4-1._HANE-n92 
48.576145 48.808345 233.855539 E5b4-1._HANE-n93 
48.901224 49.458503 219.052697 D5-1._HANE-n94 
49.551383 49.783583 233.855539 E5b4-1._HANE-n95 
49.830023 50.108662 273.593261 F5#4-1._HANE-n96 
50.201542 50.526621 292.081770 G5-1._HANE-n97 
50.619501 51.130340 328.566100 A5-1._HANE-n98 
51.223220 51.223220 350.769488 B5b4-1._HANE-n99 
51.269660 51.362540 328.566100 A5-1._HANE-n100 
51.455420 51.919819 292.081770 G5-1._HANE-n101 
52.012698 52.523537 328.566100 A5-1._HANE-n102 
52.569977 52.569977 292.081770 G5-1._HANE-n103 
52.616417 52.987937 273.593261 F5#4-1._HANE-n104 
53.034376 53.220136 292.081770 G5-1._HANE-n105 
53.313016 53.591655 273.593261 F5#4-1._HANE-n106 
53.684535 53.684535 233.855539 E5b4-1._HANE-n107 
53.730975 53.823855 273.593261 F5#4-1._HANE-n108 
53.916735 54.241814 233.855539 E5b4-1._HANE-n109 
54.334694 54.891973 219.052697 D5-1._HANE-n110 
54.938413 54.984853 205.186861 C5#4-1._HANE-n111 
55.031293 55.635011 219.052697 D5-1._HANE-n112 
55.681451 55.913651 328.566100 A5-1._HANE-n113 
55.960091 56.470930 292.081770 G5-1._HANE-n114 
56.563810 56.749569 328.566100 A5-1._HANE-n115 
56.796009 56.935329 389.457704 C6-1._HANE-n116 
56.981769 58.374966 350.769488 B5b4-1._HANE-n117 
58.467846 59.118005 328.566100 A5-1._HANE-n118 
59.210884 59.210884 292.081770 G5-1._HANE-n119 
59.303764 59.907483 273.593261 F5#4-1._HANE-n120 
60.000363 60.604082 233.855539 E5b4-1._HANE-n121 
60.696961 60.696961 219.052697 D5-1._HANE-n122 
60.743401 61.161361 233.855539 E5b4-1._HANE-n123 
61.207800 61.347120 273.593261 F5#4-1._HANE-n124 
61.393560 61.904399 328.566100 A5-1._HANE-n125 
62.043719 62.229478 292.081770 G5-1._HANE-n126 
62.322358 62.647438 273.593261 F5#4-1._HANE-n127 
62.740317 63.344036 233.855539 E5b4-1._HANE-n128 
63.390476 63.483356 219.052697 D5-1._HANE-n129 
63.529796 63.669116 205.186861 C5#4-1._HANE-n130 
63.715556 63.901315 219.052697 D5-1._HANE-n131 
63.947755 64.087075 205.186861 C5#4-1._HANE-n132 
64.133515 64.505034 273.593261 F5#4-1._HANE-n133 
64.551474 64.597914 233.855539 E5b4-1._HANE-n134 
64.644354 64.690794 219.052697 D5-1._HANE-n135 
64.737234 65.108753 219.052697 D5-1._HANE-n136 
65.155193 65.619592 219.052697 D5-1._HANE-n137 
68.405986 68.777506 146.040885 G4-TESLIM-n1 
68.823946 69.102585 219.052697 D5-TESLIM-n2 
69.149025 69.752744 219.052697 D5-TESLIM-n3 
69.799184 69.799184 194.728852 C5-TESLIM-n4 
69.892063 69.984943 175.384744 B4b4-TESLIM-n5 
70.077823 70.124263 194.728852 C5-TESLIM-n6 
70.170703 70.356463 219.052697 D5-TESLIM-n7 
70.402902 70.402902 230.817031 D5#4-TESLIM-n8 
70.495782 70.820862 194.728852 C5-TESLIM-n9 
70.913741 71.563900 219.052697 D5-TESLIM-n10 
71.656780 71.796100 194.728852 C5-TESLIM-n11 
71.842540 72.492698 233.855539 E5b4-TESLIM-n12 
72.539138 72.678458 219.052697 D5-TESLIM-n13 
72.724898 73.096417 194.728852 C5-TESLIM-n14 
73.189297 74.396735 194.728852 C5-TESLIM-n15 
74.489615 74.814694 175.384744 B4b4-TESLIM-n16 
74.907574 75.232653 194.728852 C5-TESLIM-n17 
75.325533 75.975692 219.052697 D5-TESLIM-n18 
76.068571 76.393651 194.728852 C5-TESLIM-n19 
76.440091 76.579410 175.384744 B4b4-TESLIM-n20 
76.672290 76.950930 233.855539 E5b4-TESLIM-n21 
77.043810 77.183129 219.052697 D5-TESLIM-n22 
77.276009 77.368889 233.855539 E5b4-TESLIM-n23 
77.461769 77.554649 259.648699 F5-TESLIM-n24 
77.647528 77.693968 219.052697 D5-TESLIM-n25 
77.740408 77.926168 233.855539 E5b4-TESLIM-n26 
78.019048 78.111927 194.728852 C5-TESLIM-n27 
78.158367 78.344127 219.052697 D5-TESLIM-n28 
78.390567 78.483447 175.384744 B4b4-TESLIM-n29 
78.529887 78.669206 194.728852 C5-TESLIM-n30 
78.762086 78.808526 164.283050 A4-TESLIM-n31 
78.901406 79.040726 175.384744 B4b4-TESLIM-n32 
79.087166 79.272925 146.040885 G4-TESLIM-n33 
79.319365 79.505125 136.796630 F4#4-TESLIM-n34 
79.598005 79.737324 164.283050 A4-TESLIM-n35 
79.783764 80.573243 146.040885 G4-TESLIM-n36 
80.666122 81.269841 109.526348 D4-TESLIM-n37 
81.362721 81.641361 146.040885 G4-TESLIM-n38 
81.687800 82.245079 146.040885 G4-TESLIM-n39 
82.291519 82.941678 219.052697 D5-TESLIM-n40 
82.988118 83.545397 219.052697 D5-TESLIM-n41 
83.591837 83.638277 194.728852 C5-TESLIM-n42 
83.731156 83.963356 230.817031 D5#4-TESLIM-n43 
84.056236 84.659955 219.052697 D5-TESLIM-n44 
84.752834 84.985034 194.728852 C5-TESLIM-n45 
85.031474 85.170794 175.384744 B4b4-TESLIM-n46 
85.217234 85.402993 164.283050 A4-TESLIM-n47 
85.449433 85.681633 146.040885 G4-TESLIM-n48 
85.728073 86.053152 164.283050 A4-TESLIM-n49 
86.099592 86.471111 164.283050 A4-TESLIM-n50 
86.517551 86.935510 129.824349 F4-TESLIM-n51 
87.028390 87.492789 109.526348 D4-TESLIM-n52 
87.585669 88.003628 116.927769 E4b4-TESLIM-n53 
88.096508 88.421587 129.824349 F4-TESLIM-n54 
88.514467 88.700227 116.927769 E4b4-TESLIM-n55 
88.793107 89.211066 109.526348 D4-TESLIM-n56 
89.257506 89.768345 164.283050 A4-TESLIM-n57 
89.814785 90.139864 146.040885 G4-TESLIM-n58 
90.186304 90.372063 129.824349 F4-TESLIM-n59 
90.418503 91.440181 116.927769 E4b4-TESLIM-n60 
91.486621 92.276100 109.526348 D4-TESLIM-n61 
92.322540 92.926259 97.364426 C4-TESLIM-n62 
93.019138 93.576417 109.526348 D4-TESLIM-n63 
93.669297 94.598095 109.526348 D4-TESLIM-n64 
94.644535 94.690975 116.927769 E4b4-TESLIM-n65 
94.737415 94.876735 109.526348 D4-TESLIM-n66 
94.969615 94.969615 116.927769 E4b4-TESLIM-n67 
95.062494 95.201814 129.824349 F4-TESLIM-n68 
95.294694 96.641451 109.526348 D4-TESLIM-n69 
96.687891 97.245170 109.526348 D4-TESLIM-n70 
99.056327 99.706485 205.186861 C5#4-2._HANE-n1 
99.752925 100.124444 233.855539 E5b4-2._HANE-n2 
100.217324 102.446440 219.052697 D5-2._HANE-n3 
102.492880 102.817959 146.040885 G4-2._HANE-n4 
102.910839 103.560998 219.052697 D5-2._HANE-n5 
103.653878 104.071837 233.855539 E5b4-2._HANE-n6 
104.164717 104.907755 219.052697 D5-2._HANE-n7 
105.000635 106.486712 205.186861 C5#4-2._HANE-n8 
106.533152 107.043991 175.384744 B4b4-2._HANE-n9 
107.136871 107.136871 164.283050 A4-2._HANE-n10 
107.229751 108.065669 146.040885 G4-2._HANE-n11 
108.158549 108.715828 136.796630 F4#4-2._HANE-n12 
108.808707 109.133787 136.796630 F4#4-2._HANE-n13 
109.180227 110.294785 146.040885 G4-2._HANE-n14 
110.387664 110.526984 164.283050 A4-2._HANE-n15 
110.573424 111.037823 175.384744 B4b4-2._HANE-n16 
111.130703 111.130703 205.186861 C5#4-2._HANE-n17 
111.223583 111.641542 219.052697 D5-2._HANE-n18 
111.734422 112.059501 233.855539 E5b4-2._HANE-n19 
112.152381 112.477460 219.052697 D5-2._HANE-n20 
112.570340 112.756100 205.186861 C5#4-2._HANE-n21 
112.848980 113.174059 175.384744 B4b4-2._HANE-n22 
113.220499 113.313379 164.283050 A4-2._HANE-n23 
113.359819 113.684898 164.283050 A4-2._HANE-n24 
113.777778 113.963537 146.040885 G4-2._HANE-n25 
114.009977 114.056417 146.040885 G4-2._HANE-n26 
114.102857 114.149297 136.796630 F4#4-2._HANE-n27 
114.195737 114.567256 146.040885 G4-2._HANE-n28 
114.613696 114.753016 146.040885 G4-2._HANE-n29 
114.799456 115.031655 146.040885 G4-2._HANE-n30 
115.124535 115.681814 219.052697 D5-2._HANE-n31 
115.774694 117.260771 233.855539 E5b4-2._HANE-n32 
117.353651 118.050249 219.052697 D5-2._HANE-n33 
118.143129 118.143129 205.186861 C5#4-2._HANE-n34 
118.236009 118.514649 175.384744 B4b4-2._HANE-n35 
118.561088 118.886168 205.186861 C5#4-2._HANE-n36 
118.979048 119.164807 175.384744 B4b4-2._HANE-n37 
119.257687 119.443447 205.186861 C5#4-2._HANE-n38 
119.489887 120.372245 219.052697 D5-2._HANE-n39 
120.465125 120.697324 233.855539 E5b4-2._HANE-n40 
120.790204 121.301043 273.593261 F5#4-2._HANE-n41 
121.393923 121.719002 233.855539 E5b4-2._HANE-n42 
121.858322 121.951202 219.052697 D5-2._HANE-n43 
121.997642 122.554921 205.186861 C5#4-2._HANE-n44 
122.647800 122.647800 219.052697 D5-2._HANE-n45 
122.740680 122.880000 205.186861 C5#4-2._HANE-n46 
122.926440 123.576599 219.052697 D5-2._HANE-n47 
123.623039 123.994558 233.855539 E5b4-2._HANE-n48 
124.040998 124.087438 233.855539 E5b4-2._HANE-n49 
124.133878 124.133878 219.052697 D5-2._HANE-n50 
124.180317 124.505397 219.052697 D5-2._HANE-n51 
124.598277 124.969796 219.052697 D5-2._HANE-n52 
125.016236 125.387755 233.855539 E5b4-2._HANE-n53 
125.527075 125.805714 273.593261 F5#4-2._HANE-n54 
125.852154 126.130794 292.081770 G5-2._HANE-n55 
126.223673 126.502313 328.566100 A5-2._HANE-n56 
126.548753 126.873832 350.769488 B5b4-2._HANE-n57 
126.920272 127.616871 328.566100 A5-2._HANE-n58 
127.709751 127.709751 292.081770 G5-2._HANE-n59 
127.756190 127.941950 273.593261 F5#4-2._HANE-n60 
128.034830 128.267029 292.081770 G5-2._HANE-n61 
128.359909 128.592109 273.593261 F5#4-2._HANE-n62 
128.684989 129.010068 328.566100 A5-2._HANE-n63 
129.102948 129.660227 292.081770 G5-2._HANE-n64 
129.706667 129.938866 292.081770 G5-2._HANE-n65 
129.985306 130.449705 273.593261 F5#4-2._HANE-n66 
130.496145 130.681905 328.566100 A5-2._HANE-n67 
130.728345 132.400181 292.081770 G5-2._HANE-n68 
132.493061 132.632381 273.593261 F5#4-2._HANE-n69 
132.678821 133.189660 292.081770 G5-2._HANE-n70 
133.282540 133.468299 292.081770 G5-2._HANE-n71 
133.514739 133.514739 273.593261 F5#4-2._HANE-n72 
133.607619 133.886259 233.855539 E5b4-2._HANE-n73 
133.932698 134.072018 233.855539 E5b4-2._HANE-n74 
134.118458 134.443537 219.052697 D5-2._HANE-n75 
134.489977 134.489977 194.728852 C5-2._HANE-n76 
134.582857 135.372336 273.593261 F5#4-2._HANE-n77 
135.418776 135.511655 328.566100 A5-2._HANE-n78 
135.604535 136.997732 292.081770 G5-2._HANE-n79 
137.090612 137.322812 273.593261 F5#4-2._HANE-n80 
137.415692 137.647891 292.081770 G5-2._HANE-n81 
137.740771 138.112290 328.566100 A5-2._HANE-n82 
138.158730 138.994649 350.769488 B5b4-2._HANE-n83 
139.087528 139.087528 328.566100 A5-2._HANE-n84 
139.273288 140.155646 389.457704 C6-2._HANE-n85 
140.202086 140.248526 350.769488 B5b4-2._HANE-n86 
140.341406 140.387846 328.566100 A5-2._HANE-n87 
140.434286 141.920363 328.566100 A5-2._HANE-n88 
142.013243 142.477642 292.081770 G5-2._HANE-n89 
142.570522 142.663401 328.566100 A5-2._HANE-n90 
142.709841 142.849161 350.769488 B5b4-2._HANE-n91 
142.942041 143.220680 350.769488 B5b4-2._HANE-n92 
143.267120 143.313560 328.566100 A5-2._HANE-n93 
143.360000 144.149478 328.566100 A5-2._HANE-n94 
144.195918 144.195918 328.566100 A5-2._HANE-n95 
144.288798 144.288798 292.081770 G5-2._HANE-n96 
144.335238 144.706757 292.081770 G5-2._HANE-n97 
144.799637 144.985397 292.081770 G5-2._HANE-n98 
145.031837 145.078277 273.593261 F5#4-2._HANE-n99 
145.124717 145.356916 273.593261 F5#4-2._HANE-n100 
145.449796 145.496236 233.855539 E5b4-2._HANE-n101 
145.542676 145.728435 273.593261 F5#4-2._HANE-n102 
145.774875 146.007075 233.855539 E5b4-2._HANE-n103 
146.053515 146.192834 233.855539 E5b4-2._HANE-n104 
146.239274 146.285714 219.052697 D5-2._HANE-n105 
146.332154 146.610794 219.052697 D5-2._HANE-n106 
146.657234 147.214512 273.593261 F5#4-2._HANE-n107 
147.400272 147.539592 233.855539 E5b4-2._HANE-n108 
147.632472 147.911111 219.052697 D5-2._HANE-n109 
148.003991 148.979229 219.052697 D5-2._HANE-n110 
149.025669 149.164989 328.566100 A5-2._HANE-n111 
149.211429 149.350748 292.081770 G5-2._HANE-n112 
149.397188 149.536508 328.566100 A5-2._HANE-n113 
149.582948 150.418866 389.457704 C6-2._HANE-n114 
150.511746 151.254785 350.769488 B5b4-2._HANE-n115 
151.301224 151.301224 328.566100 A5-2._HANE-n116 
151.394104 152.090703 292.081770 G5-2._HANE-n117 
152.183583 152.555102 273.593261 F5#4-2._HANE-n118 
152.647982 152.833741 233.855539 E5b4-2._HANE-n119 
152.926621 153.205261 219.052697 D5-2._HANE-n120 
153.251701 153.530340 233.855539 E5b4-2._HANE-n121 
153.623220 153.762540 273.593261 F5#4-2._HANE-n122 
153.808980 154.319819 328.566100 A5-2._HANE-n123 
154.412698 154.830658 292.081770 G5-2._HANE-n124 
154.923537 156.363175 273.593261 F5#4-2._HANE-n125 
156.456054 156.734694 233.855539 E5b4-2._HANE-n126 
156.827574 156.827574 219.052697 D5-2._HANE-n127 
156.920454 157.570612 205.186861 C5#4-2._HANE-n128 
157.663492 158.360091 219.052697 D5-2._HANE-n129 
158.452971 159.010249 205.186861 C5#4-2._HANE-n130 
159.103129 159.010249 273.593261 F5#4-2._HANE-n131 
159.103129 159.010249 233.855539 E5b4-2._HANE-n132 
159.103129 159.010249 219.052697 D5-2._HANE-n133 
159.103129 159.010249 219.052697 D5-2._HANE-n134 
159.103129 159.103129 219.052697 D5-2._HANE-n135 
159.567528 159.939048 146.040885 G4-TESLIM-n1 
160.031927 160.821406 219.052697 D5-TESLIM-n2 
160.867846 161.796644 219.052697 D5-TESLIM-n3 
161.843084 161.982404 194.728852 C5-TESLIM-n4 
162.075283 162.075283 175.384744 B4b4-TESLIM-n5 
162.121723 162.168163 194.728852 C5-TESLIM-n6 
162.214603 162.353923 219.052697 D5-TESLIM-n7 
162.400363 162.446803 230.817031 D5#4-TESLIM-n8 
162.539683 162.864762 194.728852 C5-TESLIM-n9 
162.957642 163.561361 219.052697 D5-TESLIM-n10 
163.747120 163.886440 194.728852 C5-TESLIM-n11 
163.932880 164.350839 233.855539 E5b4-TESLIM-n12 
164.397279 164.675918 219.052697 D5-TESLIM-n13 
164.768798 165.279637 194.728852 C5-TESLIM-n14 
165.326077 165.790476 194.728852 C5-TESLIM-n15 
165.883356 166.208435 175.384744 B4b4-TESLIM-n16 
166.301315 166.579955 194.728852 C5-TESLIM-n17 
166.672834 167.276553 219.052697 D5-TESLIM-n18 
167.322993 167.555193 194.728852 C5-TESLIM-n19 
167.648073 167.880272 175.384744 B4b4-TESLIM-n20 
167.973152 168.205351 233.855539 E5b4-TESLIM-n21 
168.298231 168.344671 219.052697 D5-TESLIM-n22 
168.391111 168.623311 233.855539 E5b4-TESLIM-n23 
168.669751 168.669751 259.648699 F5-TESLIM-n24 
168.762630 168.855510 219.052697 D5-TESLIM-n25 
168.948390 169.087710 233.855539 E5b4-TESLIM-n26 
169.134150 169.227029 194.728852 C5-TESLIM-n27 
169.273469 169.505669 219.052697 D5-TESLIM-n28 
169.552109 169.598549 175.384744 B4b4-TESLIM-n29 
169.644989 169.691429 194.728852 C5-TESLIM-n30 
169.737868 169.784308 164.283050 A4-TESLIM-n31 
169.830748 169.877188 175.384744 B4b4-TESLIM-n32 
169.970068 170.248707 146.040885 G4-TESLIM-n33 
170.295147 170.341587 136.796630 F4#4-TESLIM-n34 
170.434467 170.480907 164.283050 A4-TESLIM-n35 
170.573787 171.456145 146.040885 G4-TESLIM-n36 
171.502585 171.827664 109.526348 D4-TESLIM-n37 
171.966984 172.384943 146.040885 G4-TESLIM-n38 
172.431383 172.988662 146.040885 G4-TESLIM-n39 
173.035102 173.731701 219.052697 D5-TESLIM-n40 
173.824580 174.288980 219.052697 D5-TESLIM-n41 
174.335420 174.381859 194.728852 C5-TESLIM-n42 
174.474739 174.567619 230.817031 D5#4-TESLIM-n43 
174.660499 175.032018 219.052697 D5-TESLIM-n44 
175.124898 175.542857 194.728852 C5-TESLIM-n45 
175.635737 175.914376 175.384744 B4b4-TESLIM-n46 
175.960816 176.100136 164.283050 A4-TESLIM-n47 
176.193016 176.425215 146.040885 G4-TESLIM-n48 
176.471655 176.657415 164.283050 A4-TESLIM-n49 
176.703855 176.982494 164.283050 A4-TESLIM-n50 
177.075374 177.725533 129.824349 F4-TESLIM-n51 
177.818413 178.282812 109.526348 D4-TESLIM-n52 
178.329252 178.607891 116.927769 E4b4-TESLIM-n53 
178.700771 179.490249 129.824349 F4-TESLIM-n54 
179.536689 179.536689 116.927769 E4b4-TESLIM-n55 
179.583129 179.815329 109.526348 D4-TESLIM-n56 
179.861769 180.790567 164.283050 A4-TESLIM-n57 
180.883447 180.883447 146.040885 G4-TESLIM-n58 
180.976327 181.254966 129.824349 F4-TESLIM-n59 
181.347846 182.462404 116.927769 E4b4-TESLIM-n60 
182.555283 182.973243 109.526348 D4-TESLIM-n61 
183.019683 183.298322 97.364426 C4-TESLIM-n62 
183.344762 184.412880 109.526348 D4-TESLIM-n63 
184.459320 185.202358 109.526348 D4-TESLIM-n64 
185.248798 185.248798 116.927769 E4b4-TESLIM-n65 
185.295238 185.341678 109.526348 D4-TESLIM-n66 
185.388118 185.620317 116.927769 E4b4-TESLIM-n67 
185.666757 185.713197 129.824349 F4-TESLIM-n68 
185.759637 187.013515 109.526348 D4-TESLIM-n69 
187.059955 187.385034 109.526348 D4-TESLIM-n70 
189.242630 189.753469 273.593261 F5#4-3._HANE-n1 
189.846349 190.403628 292.081770 G5-3._HANE-n2 
190.450068 190.914467 292.081770 G5-3._HANE-n3 
191.007347 191.285986 328.566100 A5-3._HANE-n4 
191.332426 191.611066 292.081770 G5-3._HANE-n5 
191.703946 192.029025 273.593261 F5#4-3._HANE-n6 
192.121905 192.261224 273.593261 F5#4-3._HANE-n7 
192.307664 192.354104 233.855539 E5b4-3._HANE-n8 
192.400544 192.493424 233.855539 E5b4-3._HANE-n9 
192.539864 192.586304 219.052697 D5-3._HANE-n10 
192.632744 192.679184 219.052697 D5-3._HANE-n11 
192.725624 192.772063 194.728852 C5-3._HANE-n12 
192.818503 192.957823 194.728852 C5-3._HANE-n13 
193.004263 193.097143 182.402694 B4b1-3._HANE-n14 
193.190023 194.304580 194.728852 C5-3._HANE-n15 
194.351020 195.001179 194.728852 C5-3._HANE-n16 
195.047619 195.604898 194.728852 C5-3._HANE-n17 
195.651338 195.837098 182.402694 B4b1-3._HANE-n18 
195.929977 195.929977 194.728852 C5-3._HANE-n19 
196.022857 197.183855 219.052697 D5-3._HANE-n20 
197.276735 197.694694 194.728852 C5-3._HANE-n21 
197.741134 197.741134 219.052697 D5-3._HANE-n22 
197.834014 198.902132 233.855539 E5b4-3._HANE-n23 
198.948571 199.227211 219.052697 D5-3._HANE-n24 
199.320091 199.459410 233.855539 E5b4-3._HANE-n25 
199.505850 199.877370 273.593261 F5#4-3._HANE-n26 
199.970249 200.156009 292.081770 G5-3._HANE-n27 
200.248889 200.248889 273.593261 F5#4-3._HANE-n28 
200.295329 200.341769 233.855539 E5b4-3._HANE-n29 
200.434649 201.084807 219.052697 D5-3._HANE-n30 
201.131247 201.270567 328.566100 A5-3._HANE-n31 
201.317007 201.363447 292.081770 G5-3._HANE-n32 
201.409887 201.456327 273.593261 F5#4-3._HANE-n33 
201.502766 201.595646 273.593261 F5#4-3._HANE-n34 
201.642086 201.688526 233.855539 E5b4-3._HANE-n35 
201.734966 201.781406 233.855539 E5b4-3._HANE-n36 
201.827846 201.967166 219.052697 D5-3._HANE-n37 
202.060045 202.663764 219.052697 D5-3._HANE-n38 
202.710204 203.778322 219.052697 D5-3._HANE-n39 
203.871202 203.871202 273.593261 F5#4-3._HANE-n40 
203.964082 204.707120 292.081770 G5-3._HANE-n41 
204.800000 205.032200 292.081770 G5-3._HANE-n42 
205.125079 205.450159 328.566100 A5-3._HANE-n43 
205.543039 205.821678 292.081770 G5-3._HANE-n44 
205.914558 206.286077 273.593261 F5#4-3._HANE-n45 
206.378957 206.843356 233.855539 E5b4-3._HANE-n46 
206.936236 206.936236 219.052697 D5-3._HANE-n47 
206.982676 207.586395 194.728852 C5-3._HANE-n48 
207.679274 208.004354 219.052697 D5-3._HANE-n49 
208.097234 208.422313 246.414866 E5-3._HANE-n50 
208.515193 208.886712 292.081770 G5-3._HANE-n51 
208.979592 209.258231 259.648699 F5-3._HANE-n52 
209.304671 209.676190 246.414866 E5-3._HANE-n53 
209.769070 210.558549 219.052697 D5-3._HANE-n54 
210.604989 211.022948 194.728852 C5-3._HANE-n55 
211.115828 211.487347 182.402694 B4b1-3._HANE-n56 
211.533787 211.673107 164.283050 A4-3._HANE-n57 
211.765986 211.998186 146.040885 G4-3._HANE-n58 
212.091066 212.416145 246.414866 E5-3._HANE-n59 
212.462585 213.066304 219.052697 D5-3._HANE-n60 
213.159184 213.762902 219.052697 D5-3._HANE-n61 
213.809342 214.180862 146.040885 G4-3._HANE-n62 
214.227302 214.598821 182.402694 B4b1-3._HANE-n63 
214.645261 214.645261 164.283050 A4-3._HANE-n64 
214.738141 215.248980 136.796630 F4#4-3._HANE-n65 
215.341859 215.806259 164.283050 A4-3._HANE-n66 
215.852698 216.177778 146.040885 G4-3._HANE-n67 
216.270658 217.245896 182.402694 B4b1-3._HANE-n68 
217.338776 217.570975 164.283050 A4-3._HANE-n69 
217.663855 217.710295 146.040885 G4-3._HANE-n70 
217.756735 218.778413 146.040885 G4-3._HANE-n71 
218.824853 219.103492 146.040885 G4-3._HANE-n72 
219.196372 219.846531 389.457704 C6-3._HANE-n73 
219.939410 220.403810 350.769488 B5b4-3._HANE-n74 
220.496689 220.728889 328.566100 A5-3._HANE-n75 
220.775329 221.332608 292.081770 G5-3._HANE-n76 
221.379048 221.471927 273.593261 F5#4-3._HANE-n77 
221.564807 221.704127 246.414866 E5-3._HANE-n78 
221.750567 221.843447 273.593261 F5#4-3._HANE-n79 
221.889887 221.936327 292.081770 G5-3._HANE-n80 
221.982766 222.122086 328.566100 A5-3._HANE-n81 
222.214966 222.540045 277.194882 G5b4-3._HANE-n82 
222.586485 223.143764 292.081770 G5-3._HANE-n83 
223.236644 223.608163 273.593261 F5#4-3._HANE-n84 
223.747483 224.119002 292.081770 G5-3._HANE-n85 
224.165442 224.351202 273.593261 F5#4-3._HANE-n86 
224.397642 224.676281 389.457704 C6-3._HANE-n87 
224.722721 224.769161 369.607737 B5-3._HANE-n88 
224.815601 225.001361 328.566100 A5-3._HANE-n89 
225.094240 225.976599 328.566100 A5-3._HANE-n90 
226.023039 226.719637 328.566100 A5-3._HANE-n91 
226.812517 227.230476 369.607737 B5-3._HANE-n92 
227.276916 227.601995 389.457704 C6-3._HANE-n93 
227.694875 227.880635 369.607737 B5-3._HANE-n94 
227.973515 228.670113 328.566100 A5-3._HANE-n95 
228.762993 228.762993 438.105394 D6-3._HANE-n96 
228.809433 228.855873 389.457704 C6-3._HANE-n97 
228.948753 229.134512 346.211905 B5b5-3._HANE-n98 
229.227392 229.738231 328.566100 A5-3._HANE-n99 
229.831111 230.202630 292.081770 G5-3._HANE-n100 
230.295510 230.434830 328.566100 A5-3._HANE-n101 
230.620590 230.667029 292.081770 G5-3._HANE-n102 
230.713469 231.084989 273.593261 F5#4-3._HANE-n103 
231.177868 231.549388 233.855539 E5b4-3._HANE-n104 
231.642268 231.967347 273.593261 F5#4-3._HANE-n105 
232.013787 232.245986 292.081770 G5-3._HANE-n106 
232.292426 232.571066 328.566100 A5-3._HANE-n107 
232.617506 232.896145 350.769488 B5b4-3._HANE-n108 
232.989025 233.499864 292.081770 G5-3._HANE-n109 
233.592744 234.196463 389.457704 C6-3._HANE-n110 
234.289342 234.289342 350.769488 B5b4-3._HANE-n111 
234.382222 234.660862 328.566100 A5-3._HANE-n112 
234.753741 235.357460 292.081770 G5-3._HANE-n113 
235.450340 235.728980 273.593261 F5#4-3._HANE-n114 
235.821859 236.239819 273.593261 F5#4-3._HANE-n115 
236.332698 236.332698 233.855539 E5b4-3._HANE-n116 
236.425578 236.564898 328.566100 A5-3._HANE-n117 
236.611338 236.750658 292.081770 G5-3._HANE-n118 
236.797098 237.075737 273.593261 F5#4-3._HANE-n119 
237.122177 238.422494 233.855539 E5b4-3._HANE-n120 
238.515374 238.515374 219.052697 D5-3._HANE-n121 
238.561814 238.701134 328.566100 A5-3._HANE-n122 
238.747574 238.840454 292.081770 G5-3._HANE-n123 
238.886893 239.026213 328.566100 A5-3._HANE-n124 
239.072653 239.676372 389.457704 C6-3._HANE-n125 
239.722812 240.047891 350.769488 B5b4-3._HANE-n126 
240.094331 240.883810 328.566100 A5-3._HANE-n127 
240.930249 241.348209 292.081770 G5-3._HANE-n128 
241.441088 242.091247 273.593261 F5#4-3._HANE-n129 
242.137687 242.230567 233.855539 E5b4-3._HANE-n130 
242.323447 242.927166 219.052697 D5-3._HANE-n131 
242.973605 243.391565 233.855539 E5b4-3._HANE-n132 
243.438005 243.623764 273.593261 F5#4-3._HANE-n133 
243.670204 243.809524 328.566100 A5-3._HANE-n134 
243.855964 243.995283 292.081770 G5-3._HANE-n135 
244.041723 244.181043 273.593261 F5#4-3._HANE-n136 
244.227483 245.016961 233.855539 E5b4-3._HANE-n137 
245.109841 245.249161 219.052697 D5-3._HANE-n138 
245.295601 245.481361 205.186861 C5#4-3._HANE-n139 
245.527800 245.992200 219.052697 D5-3._HANE-n140 
246.038639 246.177959 205.186861 C5#4-3._HANE-n141 
246.224399 246.595918 273.593261 F5#4-3._HANE-n142 
246.642358 246.688798 233.855539 E5b4-3._HANE-n143 
246.735238 246.781678 219.052697 D5-3._HANE-n144 
246.828118 247.431837 219.052697 D5-3._HANE-n145 
247.524717 247.896236 219.052697 D5-3._HANE-n146 
249.475193 249.893152 146.040885 G4-TESLIM-n1 
249.939592 250.311111 219.052697 D5-TESLIM-n2 
250.357551 250.682630 219.052697 D5-TESLIM-n3 
250.729070 250.775510 194.728852 C5-TESLIM-n4 
250.868390 251.054150 175.384744 B4b4-TESLIM-n5 
251.100590 251.147029 194.728852 C5-TESLIM-n6 
251.193469 251.239909 219.052697 D5-TESLIM-n7 
251.286349 251.332789 230.817031 D5#4-TESLIM-n8 
251.379229 251.657868 194.728852 C5-TESLIM-n9 
251.704308 252.075828 219.052697 D5-TESLIM-n10 
252.122268 252.308027 194.728852 C5-TESLIM-n11 
252.354467 252.725986 233.855539 E5b4-TESLIM-n12 
252.772426 252.818866 219.052697 D5-TESLIM-n13 
252.865306 253.701224 194.728852 C5-TESLIM-n14 
253.747664 254.165624 194.728852 C5-TESLIM-n15 
254.212063 254.397823 175.384744 B4b4-TESLIM-n16 
254.444263 254.630023 194.728852 C5-TESLIM-n17 
254.722902 256.348299 219.052697 D5-TESLIM-n18 
256.441179 256.719819 194.728852 C5-TESLIM-n19 
256.812698 257.184218 175.384744 B4b4-TESLIM-n20 
257.277098 257.462857 233.855539 E5b4-TESLIM-n21 
257.509297 257.695057 219.052697 D5-TESLIM-n22 
257.787937 257.787937 233.855539 E5b4-TESLIM-n23 
257.834376 257.880816 259.648699 F5-TESLIM-n24 
257.973696 258.066576 219.052697 D5-TESLIM-n25 
258.113016 258.391655 233.855539 E5b4-TESLIM-n26 
258.438095 258.438095 194.728852 C5-TESLIM-n27 
258.484535 258.670295 219.052697 D5-TESLIM-n28 
258.763175 258.763175 175.384744 B4b4-TESLIM-n29 
258.809615 258.948934 194.728852 C5-TESLIM-n30 
259.041814 259.134694 164.283050 A4-TESLIM-n31 
259.181134 259.274014 175.384744 B4b4-TESLIM-n32 
259.320454 259.552653 146.040885 G4-TESLIM-n33 
259.599093 259.738413 136.796630 F4#4-TESLIM-n34 
259.784853 259.831293 164.283050 A4-TESLIM-n35 
259.877732 260.295692 146.040885 G4-TESLIM-n36 
260.342132 260.574331 109.526348 D4-TESLIM-n37 
260.620771 260.806531 146.040885 G4-TESLIM-n38 
260.852971 261.224490 146.040885 G4-TESLIM-n39 
261.270930 262.664127 219.052697 D5-TESLIM-n40 
262.757007 263.360726 219.052697 D5-TESLIM-n41 
263.407166 263.500045 194.728852 C5-TESLIM-n42 
263.546485 263.685805 230.817031 D5#4-TESLIM-n43 
263.778685 264.103764 219.052697 D5-TESLIM-n44 
264.150204 264.614603 194.728852 C5-TESLIM-n45 
264.707483 265.032562 175.384744 B4b4-TESLIM-n46 
265.079002 265.357642 164.283050 A4-TESLIM-n47 
265.404082 265.775601 146.040885 G4-TESLIM-n48 
265.868481 266.240000 164.283050 A4-TESLIM-n49 
266.286440 266.286440 164.283050 A4-TESLIM-n50 
266.379320 267.633197 129.824349 F4-TESLIM-n51 
267.679637 268.329796 109.526348 D4-TESLIM-n52 
268.515556 269.072834 116.927769 E4b4-TESLIM-n53 
269.165714 269.769433 129.824349 F4-TESLIM-n54 
269.862313 270.698231 116.927769 E4b4-TESLIM-n55 
270.791111 271.534150 109.526348 D4-TESLIM-n56 
271.580590 271.952109 164.283050 A4-TESLIM-n57 
271.998549 272.555828 146.040885 G4-TESLIM-n58 
272.648707 273.252426 129.824349 F4-TESLIM-n59 
273.298866 273.809705 116.927769 E4b4-TESLIM-n60 
273.856145 274.877823 109.526348 D4-TESLIM-n61 
274.924263 275.713741 97.364426 C4-TESLIM-n62 
275.760181 276.735420 109.526348 D4-TESLIM-n63 
276.828299 278.360816 109.526348 D4-TESLIM-n64 
278.453696 278.639456 116.927769 E4b4-TESLIM-n65 
278.732336 278.871655 109.526348 D4-TESLIM-n66 
278.918095 279.010975 116.927769 E4b4-TESLIM-n67 
279.103855 279.336054 129.824349 F4-TESLIM-n68 
279.428934 281.054331 109.526348 D4-TESLIM-n69 
281.100771 281.518730 109.526348 D4-TESLIM-n70 
