2.089796 2.879274 782.872832 F5-1._HANE-n1 
2.925714 3.157914 742.971196 E5-1._HANE-n2 
3.204354 3.761633 782.872832 F5-1._HANE-n3 
3.808073 4.365351 782.872832 F5-1._HANE-n4 
4.458231 4.736871 880.662539 G5-1._HANE-n5 
4.829751 5.851429 990.667291 A5-1._HANE-n6 
5.944308 6.640907 880.662539 G5-1._HANE-n7 
6.733787 7.198186 782.872832 F5-1._HANE-n8 
7.244626 7.616145 742.971196 E5-1._HANE-n9 
7.709025 8.730703 782.872832 F5-1._HANE-n10 
8.823583 9.705941 742.971196 E5-1._HANE-n11 
9.798821 11.145578 660.470882 D5-1._HANE-n12 
11.238458 12.213696 660.470882 D5-1._HANE-n13 
12.306576 12.631655 742.971196 E5-1._HANE-n14 
12.770975 13.699773 782.872832 F5-1._HANE-n15 
13.746213 14.814331 742.971196 E5-1._HANE-n16 
14.860771 15.557370 660.470882 D5-1._HANE-n17 
15.603810 16.625488 742.971196 E5-1._HANE-n18 
16.718367 17.043447 660.470882 D5-1._HANE-n19 
17.275646 17.693605 587.131491 C5-1._HANE-n20 
17.740045 18.204444 549.966604 B4b1-1._HANE-n21 
18.250884 18.761723 587.131491 C5-1._HANE-n22 
18.808163 19.272562 587.131491 C5-1._HANE-n23 
20.805079 21.362358 660.470882 D5-1._HANE-n24 
21.455238 22.012517 742.971196 E5-1._HANE-n25 
22.058957 22.291156 660.470882 D5-1._HANE-n26 
22.476916 22.755556 587.131491 C5-1._HANE-n27 
22.848435 23.219955 660.470882 D5-1._HANE-n28 
23.312834 23.916553 660.470882 D5-1._HANE-n29 
24.009433 24.288073 990.667291 A5-1._HANE-n30 
24.334512 24.473832 880.662539 G5-1._HANE-n31 
24.520272 25.077551 990.667291 A5-1._HANE-n32 
25.170431 25.774150 880.662539 G5-1._HANE-n33 
25.867029 26.424308 782.872832 F5-1._HANE-n34 
26.470748 26.470748 742.971196 E5-1._HANE-n35 
26.563628 27.306667 782.872832 F5-1._HANE-n36 
27.399546 28.049705 742.971196 E5-1._HANE-n37 
28.096145 28.096145 742.971196 E5-1._HANE-n38 
28.189025 28.374785 880.662539 G5-1._HANE-n39 
28.421224 28.467664 782.872832 F5-1._HANE-n40 
28.514104 29.303583 880.662539 G5-1._HANE-n41 
29.396463 31.161179 782.872832 F5-1._HANE-n42 
31.254059 32.833016 587.131491 C5-1._HANE-n43 
32.879456 34.040454 782.872832 F5-1._HANE-n44 
34.086893 34.458413 782.872832 F5-1._HANE-n45 
34.551293 35.898050 880.662539 G5-1._HANE-n46 
35.990930 35.990930 782.872832 F5-1._HANE-n47 
36.037370 36.316009 742.971196 E5-1._HANE-n48 
36.362449 36.966168 742.971196 E5-1._HANE-n49 
37.059048 37.802086 782.872832 F5-1._HANE-n50 
37.848526 38.127166 742.971196 E5-1._HANE-n51 
38.220045 38.498685 660.470882 D5-1._HANE-n52 
38.591565 39.381043 742.971196 E5-1._HANE-n53 
39.473923 39.706122 660.470882 D5-1._HANE-n54 
39.799002 40.263401 587.131491 C5-1._HANE-n55 
40.356281 40.774240 549.966604 B4b1-1._HANE-n56 
40.820680 41.563719 587.131491 C5-1._HANE-n57 
41.610159 43.235556 660.470882 D5-1._HANE-n58 
43.281995 44.628753 660.470882 D5-1._HANE-n59 
44.675193 45.650431 587.131491 C5-1._HANE-n60 
45.743311 45.743311 660.470882 D5-1._HANE-n61 
45.836190 46.718549 587.131491 C5-1._HANE-n62 
47.090068 48.529705 521.935784 B4b5-1._HANE-n63 
48.576145 49.086984 521.935784 B4b5-1._HANE-n64 
49.133424 49.876463 495.333646 A4-1._HANE-n65 
49.969342 50.433741 440.331269 G4-1._HANE-n66 
50.480181 51.594739 391.436416 F4-1._HANE-n67 
51.687619 51.687619 391.436416 F4-1._HANE-n68 
51.780499 52.569977 521.935784 B4b5-1._HANE-n69 
52.616417 53.870295 521.935784 B4b5-1._HANE-n70 
53.963175 54.381134 587.131491 C5-1._HANE-n71 
54.474014 54.891973 521.935784 B4b5-1._HANE-n72 
54.938413 56.378050 495.333646 A4-1._HANE-n73 
56.424490 56.842449 440.331269 G4-1._HANE-n74 
56.935329 57.957007 495.333646 A4-1._HANE-n75 
58.049887 58.421406 440.331269 G4-1._HANE-n76 
58.467846 58.978685 391.436416 F4-1._HANE-n77 
59.071565 59.443084 371.485598 E4-1._HANE-n78 
59.535964 60.232562 391.436416 F4-1._HANE-n79 
60.279002 61.114921 371.485598 E4-1._HANE-n80 
61.579320 61.857959 371.485598 E4-1._HANE-n81 
62.136599 62.136599 440.331269 G4-1._HANE-n82 
62.183039 62.554558 371.485598 E4-1._HANE-n83 
62.647438 64.737234 391.436416 F4-1._HANE-n84 
64.830113 66.269751 880.662539 G5-1._HANE-n85 
66.362630 66.362630 782.872832 F5-1._HANE-n86 
66.455510 66.548390 880.662539 G5-1._HANE-n87 
69.241905 69.613424 880.662539 G5-2._HANE-n1 
69.659864 69.752744 782.872832 F5-2._HANE-n2 
69.799184 70.031383 742.971196 E5-2._HANE-n3 
70.077823 70.263583 782.872832 F5-2._HANE-n4 
70.310023 70.960181 742.971196 E5-2._HANE-n5 
71.006621 71.471020 782.872832 F5-2._HANE-n6 
71.517460 72.864218 880.662539 G5-2._HANE-n7 
72.910658 73.653696 880.662539 G5-2._HANE-n8 
73.746576 74.071655 880.662539 G5-2._HANE-n9 
74.164535 75.139773 940.174741 A5b4-2._HANE-n10 
75.186213 75.186213 880.662539 G5-2._HANE-n11 
75.232653 75.418413 782.872832 F5-2._HANE-n12 
75.464853 75.697052 880.662539 G5-2._HANE-n13 
75.789932 76.115011 940.174741 A5b4-2._HANE-n14 
76.207891 76.532971 1099.933208 B5b1-2._HANE-n15 
76.625850 77.508209 940.174741 A5b4-2._HANE-n16 
77.601088 78.251247 880.662539 G5-2._HANE-n17 
78.297687 78.901406 880.662539 G5-2._HANE-n18 
78.947846 79.551565 782.872832 F5-2._HANE-n19 
79.598005 79.598005 782.872832 F5-2._HANE-n20 
79.644444 79.830204 742.971196 E5-2._HANE-n21 
79.876644 81.734240 782.872832 F5-2._HANE-n22 
81.827120 82.755918 940.174741 A5b4-2._HANE-n23 
82.802358 83.684717 880.662539 G5-2._HANE-n24 
83.731156 84.938594 940.174741 A5b4-2._HANE-n25 
85.031474 85.960272 940.174741 A5b4-2._HANE-n26 
86.006712 86.006712 1099.933208 B5b1-2._HANE-n27 
86.099592 86.889070 940.174741 A5b4-2._HANE-n28 
86.981950 87.446349 880.662539 G5-2._HANE-n29 
87.492789 87.771429 880.662539 G5-2._HANE-n30 
87.864308 88.746667 940.174741 A5b4-2._HANE-n31 
88.793107 88.978866 880.662539 G5-2._HANE-n32 
89.025306 89.489705 782.872832 F5-2._HANE-n33 
89.582585 90.418503 782.872832 F5-2._HANE-n34 
90.511383 90.975782 880.662539 G5-2._HANE-n35 
91.068662 91.811701 782.872832 F5-2._HANE-n36 
91.858141 92.090340 742.971196 E5-2._HANE-n37 
92.136780 92.508299 742.971196 E5-2._HANE-n38 
92.554739 93.158458 782.872832 F5-2._HANE-n39 
93.251338 93.622857 742.971196 E5-2._HANE-n40 
93.762177 94.133696 626.807856 D5b4-2._HANE-n41 
94.226576 94.505215 626.807856 D5b4-2._HANE-n42 
94.551655 94.551655 587.131491 C5-2._HANE-n43 
94.644535 95.016054 626.807856 D5b4-2._HANE-n44 
95.062494 95.155374 742.971196 E5-2._HANE-n45 
95.248254 95.759093 626.807856 D5b4-2._HANE-n46 
95.805533 95.991293 587.131491 C5-2._HANE-n47 
96.037732 97.384490 587.131491 C5-2._HANE-n48 
97.430930 99.195646 587.131491 C5-2._HANE-n49 
99.242086 99.474286 549.966604 B4b1-2._HANE-n50 
99.520726 99.938685 587.131491 C5-2._HANE-n51 
99.985125 100.960363 626.807856 D5b4-2._HANE-n52 
101.099683 101.099683 742.971196 E5-2._HANE-n53 
101.192562 102.028481 626.807856 D5b4-2._HANE-n54 
102.121361 102.353560 587.131491 C5-2._HANE-n55 
102.400000 102.910839 587.131491 C5-2._HANE-n56 
103.003719 103.886077 626.807856 D5b4-2._HANE-n57 
103.932517 104.164717 587.131491 C5-2._HANE-n58 
104.211156 104.675556 549.966604 B4b1-2._HANE-n59 
104.721995 105.697234 587.131491 C5-2._HANE-n60 
105.790113 106.951111 660.470882 D5-2._HANE-n61 
106.997551 107.879909 660.470882 D5-2._HANE-n62 
107.926349 108.158549 587.131491 C5-2._HANE-n63 
108.251429 108.994467 660.470882 D5-2._HANE-n64 
109.087347 110.201905 587.131491 C5-2._HANE-n65 
110.248345 111.084263 521.935784 B4b5-2._HANE-n66 
111.130703 111.780862 521.935784 B4b5-2._HANE-n67 
111.873741 112.988299 495.333646 A4-2._HANE-n68 
113.081179 113.545578 440.331269 G4-2._HANE-n69 
113.638458 114.102857 391.436416 F4-2._HANE-n70 
114.195737 114.985215 391.436416 F4-2._HANE-n71 
115.078095 116.471293 521.935784 B4b5-2._HANE-n72 
116.564172 117.492971 521.935784 B4b5-2._HANE-n73 
117.539410 118.189569 587.131491 C5-2._HANE-n74 
118.375329 118.375329 521.935784 B4b5-2._HANE-n75 
118.468209 119.768526 495.333646 A4-2._HANE-n76 
119.861406 120.232925 440.331269 G4-2._HANE-n77 
120.325805 120.836644 495.333646 A4-2._HANE-n78 
120.883084 121.765442 440.331269 G4-2._HANE-n79 
121.858322 122.322721 391.436416 F4-2._HANE-n80 
122.415601 122.647800 371.485598 E4-2._HANE-n81 
122.740680 123.762358 391.436416 F4-2._HANE-n82 
123.808798 124.087438 371.485598 E4-2._HANE-n83 
124.133878 124.691156 371.485598 E4-2._HANE-n84 
124.784036 125.248435 440.331269 G4-2._HANE-n85 
125.341315 125.759274 371.485598 E4-2._HANE-n86 
125.805714 126.641633 391.436416 F4-2._HANE-n87 
127.756190 128.406349 990.667291 A5-2._HANE-n88 
128.499229 129.149388 880.662539 G5-2._HANE-n89 
129.242268 129.335147 990.667291 A5-2._HANE-n90 
131.239184 132.911020 880.662539 G5-3._HANE-n1 
132.957460 132.957460 990.667291 A5-3._HANE-n2 
133.003900 133.282540 880.662539 G5-3._HANE-n3 
133.328980 134.072018 1043.871569 B5b5-3._HANE-n4 
134.164898 134.629297 990.667291 A5-3._HANE-n5 
134.722177 135.883175 880.662539 G5-3._HANE-n6 
135.976054 136.904853 782.872832 F5-3._HANE-n7 
136.997732 137.369252 742.971196 E5-3._HANE-n8 
137.415692 138.437370 782.872832 F5-3._HANE-n9 
138.483810 139.226848 742.971196 E5-3._HANE-n10 
139.273288 139.273288 660.470882 D5-3._HANE-n11 
139.319728 139.505488 618.663678 C5#4-3._HANE-n12 
139.551927 140.155646 660.470882 D5-3._HANE-n13 
140.248526 141.130884 660.470882 D5-3._HANE-n14 
141.177324 141.734603 1174.262982 C6-3._HANE-n15 
141.827483 142.291882 1099.933208 B5b1-3._HANE-n16 
142.384762 143.545760 1320.941764 D6-3._HANE-n17 
143.638639 144.195918 1174.262982 C6-3._HANE-n18 
144.242358 144.567438 1099.933208 B5b1-3._HANE-n19 
144.660317 145.681995 1174.262982 C6-3._HANE-n20 
145.774875 145.774875 1099.933208 B5b1-3._HANE-n21 
145.821315 147.632472 990.667291 A5-3._HANE-n22 
147.678912 148.050431 990.667291 A5-3._HANE-n23 
148.096871 148.468390 990.667291 A5-3._HANE-n24 
148.514830 149.072109 990.667291 A5-3._HANE-n25 
149.164989 149.675828 1043.871569 B5b5-3._HANE-n26 
149.768707 150.651066 990.667291 A5-3._HANE-n27 
150.743946 150.976145 880.662539 G5-3._HANE-n28 
151.022585 151.440544 880.662539 G5-3._HANE-n29 
151.486984 152.044263 782.872832 F5-3._HANE-n30 
152.137143 152.926621 742.971196 E5-3._HANE-n31 
153.019501 153.716100 782.872832 F5-3._HANE-n32 
153.762540 153.994739 742.971196 E5-3._HANE-n33 
154.041179 154.226939 660.470882 D5-3._HANE-n34 
154.273379 154.552018 742.971196 D5-3._HANE-n35 
154.644898 155.062857 660.470882 C5#4-3._HANE-n36 
155.109297 156.734694 618.663678 D5-3._HANE-n37 
156.827574 157.617052 660.470882 D5-3._HANE-n38 
157.663492 158.406531 660.470882 D5-3._HANE-n39 
158.499410 159.010249 660.470882 D5-3._HANE-n40 
159.056689 159.474649 660.470882 D5-3._HANE-n41 
159.521088 160.078367 660.470882 E5-3._HANE-n42 
160.124807 160.449887 742.971196 D5-3._HANE-n43 
160.496327 160.821406 660.470882 C5#4-3._HANE-n44 
160.867846 161.703764 618.663678 C5#4-3._HANE-n45 
161.750204 162.493243 618.663678 D5-3._HANE-n46 
162.539683 162.864762 660.470882 C5#4-3._HANE-n47 
162.911202 163.189841 618.663678 B4b4-3._HANE-n48 
163.236281 163.607800 528.806622 B4b4-3._HANE-n49 
163.654240 163.793560 528.806622 A4-3._HANE-n50 
163.840000 164.165079 495.333646 B4b4-3._HANE-n51 
164.257959 164.397279 528.806622 C5#4-3._HANE-n52 
164.443719 164.675918 618.663678 B4b4-3._HANE-n53 
164.768798 165.511837 528.806622 A4-3._HANE-n54 
165.604717 167.276553 495.333646 A4-3._HANE-n55 
167.322993 167.833832 495.333646 C5-3._HANE-n56 
167.880272 168.855510 587.131491 B4b1-3._HANE-n57 
168.901950 169.552109 549.966604 C5-3._HANE-n58 
169.598549 171.084626 587.131491 C5-3._HANE-n59 
171.177506 171.409705 587.131491 C5-3._HANE-n60 
171.502585 172.152744 587.131491 D5-3._HANE-n61 
172.245624 174.288980 660.470882 C5-3._HANE-n62 
174.335420 174.846259 587.131491 B4b5-3._HANE-n63 
174.892698 175.171338 521.935784 B4b5-3._HANE-n64 
175.217778 176.285896 521.935784 A4-3._HANE-n65 
176.703855 177.028934 495.333646 G4-3._HANE-n66 
177.168254 178.329252 440.331269 F4-3._HANE-n67 
178.422132 178.422132 391.436416 F4-3._HANE-n68 
178.468571 179.443810 391.436416 B4b5-3._HANE-n69 
179.536689 180.837007 521.935784 B4b5-3._HANE-n70 
180.883447 181.162086 521.935784 C5-3._HANE-n71 
181.301406 181.626485 587.131491 B4b5-3._HANE-n72 
181.672925 183.576961 521.935784 A4-3._HANE-n73 
183.669841 183.669841 495.333646 G4-3._HANE-n74 
183.762721 184.273560 440.331269 A4-3._HANE-n75 
184.366440 185.248798 495.333646 G4-3._HANE-n76 
185.341678 185.759637 440.331269 F4-3._HANE-n77 
185.806077 186.084717 391.436416 E4-3._HANE-n78 
186.131156 186.734875 371.485598 F4-3._HANE-n79 
186.781315 187.292154 391.436416 E4-3._HANE-n80 
187.338594 188.406712 371.485598 E4-3._HANE-n81 
188.546032 188.546032 371.485598 G4-3._HANE-n82 
188.592472 189.056871 440.331269 E4-3._HANE-n83 
189.103311 191.657506 371.485598 F4-3._HANE-n84 
191.750385 191.750385 391.436416 B5b5-3._HANE-n85 
191.843265 192.772063 1043.871569 A5-3._HANE-n86 
192.818503 193.468662 990.667291 B5b5-3._HANE-n87 
194.490340 195.233379 990.667291 A5-4._HANE-n1 
195.326259 196.208617 1043.871569 B5b5-4._HANE-n2 
196.255057 196.905215 1043.871569 B5b5-4._HANE-n3 
196.998095 197.741134 1174.262982 C6-4._HANE-n4 
197.834014 198.669932 1043.871569 B5b5-4._HANE-n5 
198.762812 198.762812 990.667291 A5-4._HANE-n6 
198.855692 199.877370 1043.871569 B5b5-4._HANE-n7 
199.923810 200.016689 990.667291 A5-4._HANE-n8 
200.063129 200.295329 880.662539 G5-4._HANE-n9 
200.388209 201.131247 990.667291 A5-4._HANE-n10 
201.224127 202.199365 880.662539 G5-4._HANE-n11 
202.292245 204.428481 782.872832 F5-4._HANE-n12 
204.474921 204.474921 782.872832 F5-4._HANE-n13 
204.567800 204.892880 880.662539 G5-4._HANE-n14 
204.939320 205.682358 990.667291 A5-4._HANE-n15 
205.775238 207.493515 880.662539 G5-4._HANE-n16 
207.586395 208.097234 782.872832 F5-4._HANE-n17 
208.143673 208.375873 880.662539 G5-4._HANE-n18 
208.422313 209.026032 990.667291 A5-4._HANE-n19 
209.072472 209.351111 880.662539 G5-4._HANE-n20 
209.397551 209.769070 990.667291 A5-4._HANE-n21 
209.815510 211.487347 990.667291 A5-4._HANE-n22 
211.533787 212.183946 990.667291 A5-4._HANE-n23 
212.276825 212.741224 782.872832 F5-4._HANE-n24 
212.834104 213.205624 880.662539 G5-4._HANE-n25 
213.252063 213.855782 990.667291 A5-4._HANE-n26 
213.948662 214.645261 1043.871569 B5b5-4._HANE-n27 
214.691701 215.899138 990.667291 A5-4._HANE-n28 
215.945578 216.224218 880.662539 G5-4._HANE-n29 
216.270658 216.967256 990.667291 A5-4._HANE-n30 
217.060136 217.663855 880.662539 G5-4._HANE-n31 
217.756735 218.639093 782.872832 F5-4._HANE-n32 
218.731973 219.660771 782.872832 F5-4._HANE-n33 
219.707211 219.985850 742.971196 E5-4._HANE-n34 
220.032290 220.264490 742.971196 E5-4._HANE-n35 
220.357370 221.100408 660.470882 D5-4._HANE-n36 
221.193288 221.657687 660.470882 D5-4._HANE-n37 
221.704127 221.704127 618.663678 C5#4-4._HANE-n38 
221.750567 222.725805 660.470882 D5-4._HANE-n39 
222.772245 225.233560 660.470882 D5-4._HANE-n40 
225.280000 226.301678 782.872832 F5-4._HANE-n41 
226.394558 226.812517 782.872832 F5-4._HANE-n42 
226.858957 227.462676 880.662539 G5-4._HANE-n43 
227.555556 228.391474 782.872832 F5-4._HANE-n44 
228.437914 228.716553 742.971196 E5-4._HANE-n45 
228.762993 228.995193 742.971196 E5-4._HANE-n46 
229.088073 229.691791 782.872832 F5-4._HANE-n47 
229.738231 230.202630 742.971196 E5-4._HANE-n48 
230.249070 230.574150 660.470882 D5-4._HANE-n49 
230.667029 231.363628 742.971196 E5-4._HANE-n50 
231.410068 231.688707 660.470882 D5-4._HANE-n51 
231.781587 232.478186 587.131491 C5-4._HANE-n52 
232.524626 232.803265 549.966604 B4b1-4._HANE-n53 
232.849705 233.546304 587.131491 C5-4._HANE-n54 
233.639184 234.567982 660.470882 D5-4._HANE-n55 
234.614422 236.239819 660.470882 D5-4._HANE-n56 
236.286259 236.472018 587.131491 C5-4._HANE-n57 
236.518458 237.307937 660.470882 D5-4._HANE-n58 
237.400816 238.468934 587.131491 C5-4._HANE-n59 
238.561814 239.908571 521.935784 B4b5-4._HANE-n60 
239.955011 240.280091 521.935784 B4b5-4._HANE-n61 
240.326531 241.301769 495.333646 A4-4._HANE-n62 
241.348209 241.951927 440.331269 G4-4._HANE-n63 
241.998367 242.509206 391.436416 F4-4._HANE-n64 
242.602086 242.880726 391.436416 F4-4._HANE-n65 
243.298685 245.574240 521.935784 B4b5-4._HANE-n66 
245.667120 245.667120 521.935784 B4b5-4._HANE-n67 
245.713560 246.038639 587.131491 C5-4._HANE-n68 
246.317279 246.781678 521.935784 B4b5-4._HANE-n69 
246.874558 248.360635 495.333646 A4-4._HANE-n70 
248.453515 248.453515 440.331269 G4-4._HANE-n71 
248.546395 249.428753 495.333646 A4-4._HANE-n72 
249.475193 250.125351 440.331269 G4-4._HANE-n73 
250.218231 251.100590 391.436416 F4-4._HANE-n74 
251.193469 251.797188 371.485598 E4-4._HANE-n75 
251.890068 251.890068 391.436416 F4-4._HANE-n76 
251.982948 252.725986 371.485598 E4-4._HANE-n77 
252.772426 253.561905 371.485598 E4-4._HANE-n78 
253.608345 253.979864 440.331269 G4-4._HANE-n79 
254.072744 254.815782 371.485598 E4-4._HANE-n80 
254.908662 257.137778 391.436416 F4-4._HANE-n81 
257.230658 257.137778 293.565746 C4-4._HANE-n82 
257.230658 257.137778 330.235441 D4-4._HANE-n83 
257.230658 257.137778 371.485598 E4-4._HANE-n84 
257.230658 257.230658 391.436416 F4-4._HANE-n85 
