47.368707 48.297506 195.718208 G4-ZEMIN-n1 
48.390385 48.901224 293.565746 D5-ZEMIN-n2 
48.994104 49.412063 274.983302 C5#4-ZEMIN-n3 
49.504943 49.737143 293.565746 D5-ZEMIN-n4 
49.783583 50.340862 309.331839 E5b5-ZEMIN-n5 
50.387302 50.573061 293.565746 D5-ZEMIN-n6 
50.619501 53.545215 293.565746 D5-ZEMIN-n7 
53.591655 54.845533 260.967892 C5-ZEMIN-n8 
54.938413 54.938413 293.565746 D5-ZEMIN-n9 
54.984853 55.124172 309.331839 E5b5-ZEMIN-n10 
55.217052 55.588571 293.565746 D5-ZEMIN-n11 
55.635011 55.635011 260.967892 C5-ZEMIN-n12 
55.727891 55.913651 231.989739 B4b5-ZEMIN-n13 
56.006531 56.331610 220.165635 A4-ZEMIN-n14 
56.424490 56.517370 195.718208 G4-ZEMIN-n15 
56.563810 58.978685 220.165635 A4-ZEMIN-n16 
59.071565 60.743401 309.331839 E5b5-ZEMIN-n17 
60.836281 61.300680 309.331839 E5b5-ZEMIN-n18 
61.347120 61.486440 309.331839 E5b5-ZEMIN-n19 
61.579320 61.904399 293.565746 D5-ZEMIN-n20 
61.997279 62.693878 293.565746 D5-ZEMIN-n21 
62.740317 62.833197 260.967892 C5-ZEMIN-n22 
62.879637 63.669116 260.967892 C5-ZEMIN-n23 
63.761995 63.761995 231.989739 B4b5-ZEMIN-n24 
63.854875 64.179955 260.967892 C5-ZEMIN-n25 
64.226395 65.248073 293.565746 D5-ZEMIN-n26 
65.340952 66.362630 293.565746 D5-ZEMIN-n27 
66.409070 66.548390 309.331839 E5b5-ZEMIN-n28 
66.594830 66.919909 293.565746 D5-ZEMIN-n29 
67.012789 67.244989 260.967892 C5-ZEMIN-n30 
67.337868 67.477188 231.989739 B4b5-ZEMIN-n31 
67.523628 67.802268 220.165635 A4-ZEMIN-n32 
67.895147 68.684626 195.718208 G4-ZEMIN-n33 
68.777506 68.777506 195.718208 G4-ZEMIN-n34 
68.823946 69.706304 195.718208 G4-ZEMIN*-n1 
69.799184 70.263583 293.565746 D5-ZEMIN*-n2 
70.402902 70.588662 274.983302 C5#4-ZEMIN*-n3 
70.681542 71.610340 293.565746 D5-ZEMIN*-n4 
71.656780 71.656780 309.331839 E5b5-ZEMIN*-n5 
71.749660 71.935420 293.565746 D5-ZEMIN*-n6 
72.028299 74.861134 293.565746 D5-ZEMIN*-n7 
74.954014 75.836372 260.967892 C5-ZEMIN*-n8 
75.929252 76.300771 293.565746 D5-ZEMIN*-n9 
76.347211 76.440091 309.331839 E5b5-ZEMIN*-n10 
76.486531 76.904490 293.565746 D5-ZEMIN*-n11 
76.997370 76.997370 260.967892 C5-ZEMIN*-n12 
77.090249 77.415329 231.989739 B4b5-ZEMIN*-n13 
77.508209 77.740408 220.165635 A4-ZEMIN*-n14 
77.786848 77.972608 195.718208 G4-ZEMIN*-n15 
78.019048 80.341043 220.165635 A4-ZEMIN*-n16 
80.433923 81.687800 309.331839 E5b5-ZEMIN*-n17 
81.780680 82.755918 309.331839 E5b5-ZEMIN*-n18 
82.848798 82.848798 309.331839 E5b5-ZEMIN*-n19 
82.941678 83.127438 293.565746 D5-ZEMIN*-n20 
83.173878 83.916916 293.565746 D5-ZEMIN*-n21 
83.963356 84.056236 260.967892 C5-ZEMIN*-n22 
84.102676 84.567075 260.967892 C5-ZEMIN*-n23 
84.659955 85.077914 231.989739 B4b5-ZEMIN*-n24 
85.124354 85.542313 260.967892 C5-ZEMIN*-n25 
85.635193 87.167710 293.565746 D5-ZEMIN*-n26 
87.260590 87.957188 293.565746 D5-ZEMIN*-n27 
88.003628 88.142948 309.331839 E5b5-ZEMIN*-n28 
88.189388 88.328707 293.565746 D5-ZEMIN*-n29 
88.375147 88.885986 260.967892 C5-ZEMIN*-n30 
88.932426 88.932426 231.989739 B4b5-ZEMIN*-n31 
89.025306 89.303946 260.967892 C5-ZEMIN*-n32 
89.396825 90.093424 293.565746 D5-ZEMIN*-n33 
90.139864 90.139864 293.565746 D5-ZEMIN*-n34 
90.790023 91.347302 293.565746 D5-NAKARAT-n1 
91.440181 91.904580 391.436416 G5-NAKARAT-n2 
91.951020 92.090340 366.658848 F5#4-NAKARAT-n3 
92.183220 92.647619 391.436416 G5-NAKARAT-n4 
92.694059 92.972698 440.331269 A5-NAKARAT-n5 
93.065578 93.251338 391.436416 G5-NAKARAT-n6 
93.297778 94.783855 391.436416 G5-NAKARAT-n7 
94.830295 95.108934 391.436416 G5-NAKARAT-n8 
95.201814 95.526893 347.970899 F5-NAKARAT-n9 
95.619773 95.759093 309.331839 E5b5-NAKARAT-n10 
95.805533 96.223492 293.565746 D5-NAKARAT-n11 
96.269932 96.502132 260.967892 C5-NAKARAT-n12 
96.595011 97.384490 260.967892 C5-NAKARAT-n13 
97.430930 97.663129 293.565746 D5-NAKARAT-n14 
97.756009 97.941769 309.331839 E5b5-NAKARAT-n15 
97.988209 98.220408 293.565746 D5-NAKARAT-n16 
98.313288 98.591927 260.967892 C5-NAKARAT-n17 
98.684807 98.963447 231.989739 B4b5-NAKARAT-n18 
99.009887 99.102766 220.165635 A4-NAKARAT-n19 
99.195646 99.427846 195.718208 G4-NAKARAT-n20 
99.520726 100.821043 220.165635 A4-NAKARAT-n21 
100.913923 101.378322 220.165635 A4-NAKARAT-n22 
101.424762 101.564082 231.989739 B4b5-NAKARAT-n23 
101.610522 101.982041 260.967892 C5-NAKARAT-n24 
102.028481 102.492880 293.565746 D5-NAKARAT-n25 
102.585760 102.910839 231.989739 B4b5-NAKARAT-n26 
102.957279 103.282358 220.165635 A4-NAKARAT-n27 
103.375238 104.071837 195.718208 G4-NAKARAT-n28 
104.118277 104.350476 309.331839 E5b5-NAKARAT-n29 
104.396916 105.372154 293.565746 D5-NAKARAT-n30 
105.418594 105.557914 260.967892 C5-NAKARAT-n31 
105.604354 106.208073 260.967892 C5-NAKARAT-n32 
106.300952 106.486712 231.989739 B4b5-NAKARAT-n33 
106.579592 106.951111 260.967892 C5-NAKARAT-n34 
107.043991 109.783946 293.565746 D5-NAKARAT-n35 
109.876825 110.944943 293.565746 D5-NAKARAT-n36 
110.991383 111.084263 309.331839 E5b5-NAKARAT-n37 
111.177143 111.548662 293.565746 D5-NAKARAT-n38 
111.641542 111.548662 260.967892 C5-NAKARAT-n39 
111.641542 111.548662 231.989739 B4b5-NAKARAT-n40 
111.641542 111.548662 260.967892 C5-NAKARAT-n41 
111.641542 111.548662 293.565746 D5-NAKARAT-n42 
111.641542 111.641542 293.565746 D5-NAKARAT-n43 
112.198821 112.663220 293.565746 D5-NAKARAT*-n1 
112.756100 113.406259 391.436416 G5-NAKARAT*-n2 
113.452698 113.452698 366.658848 F5#4-NAKARAT*-n3 
113.545578 114.009977 391.436416 G5-NAKARAT*-n4 
114.056417 114.288617 440.331269 A5-NAKARAT*-n5 
114.335057 114.427937 391.436416 G5-NAKARAT*-n6 
114.474376 116.006893 391.436416 G5-NAKARAT*-n7 
116.053333 116.610612 391.436416 G5-NAKARAT*-n8 
116.703492 116.889252 347.970899 F5-NAKARAT*-n9 
116.982132 117.260771 309.331839 E5b5-NAKARAT*-n10 
117.353651 117.539410 293.565746 D5-NAKARAT*-n11 
117.632290 117.818050 260.967892 C5-NAKARAT*-n12 
117.864490 118.979048 260.967892 C5-NAKARAT*-n13 
119.071927 119.071927 293.565746 D5-NAKARAT*-n14 
119.164807 119.304127 309.331839 E5b5-NAKARAT*-n15 
119.397007 119.861406 293.565746 D5-NAKARAT*-n16 
119.907846 119.907846 260.967892 C5-NAKARAT*-n17 
120.000726 120.418685 231.989739 B4b5-NAKARAT*-n18 
120.511565 120.790204 220.165635 A4-NAKARAT*-n19 
120.883084 120.883084 195.718208 G4-NAKARAT*-n20 
120.929524 122.322721 220.165635 A4-NAKARAT*-n21 
122.369161 123.019320 220.165635 A4-NAKARAT*-n22 
123.112200 123.112200 231.989739 B4b5-NAKARAT*-n23 
123.205079 123.297959 260.967892 C5-NAKARAT*-n24 
123.344399 123.901678 293.565746 D5-NAKARAT*-n25 
123.948118 124.784036 231.989739 B4b5-NAKARAT*-n26 
124.830476 124.830476 220.165635 A4-NAKARAT*-n27 
124.876916 125.434195 195.718208 G4-NAKARAT*-n28 
125.480635 125.712834 309.331839 E5b5-NAKARAT*-n29 
125.759274 126.595193 293.565746 D5-NAKARAT*-n30 
126.641633 126.734512 260.967892 C5-NAKARAT*-n31 
126.827392 127.384671 231.989739 B4b5-NAKARAT*-n32 
127.431111 127.756190 220.165635 A4-NAKARAT*-n33 
127.849070 128.267029 195.718208 G4-NAKARAT*-n34 
128.359909 128.499229 183.329424 F4#4-NAKARAT*-n35 
128.545669 129.985306 195.718208 G4-NAKARAT*-n36 
130.078186 130.356825 293.565746 D5-NAKARAT*-n37 
130.449705 130.867664 463.979478 B5b5-NAKARAT*-n38 
130.960544 131.239184 440.331269 A5-NAKARAT*-n39 
131.285624 131.703583 391.436416 G5-NAKARAT*-n40 
131.750023 131.842902 440.331269 A5-NAKARAT*-n41 
131.889342 132.121542 347.970899 F5-NAKARAT*-n42 
132.214422 132.957460 391.436416 G5-NAKARAT*-n43 
133.050340 132.957460 NaN Rest-NAKARAT*-n44 
133.050340 133.050340 347.970899 F5-NAKARAT*-n45 
133.514739 134.907937 347.970899 F5-MEYAN-n1 
135.000816 135.000816 391.436416 G5-MEYAN-n2 
135.047256 135.140136 347.970899 F5-MEYAN-n3 
135.186576 135.558095 391.436416 G5-MEYAN-n4 
135.604535 135.836735 440.331269 A5-MEYAN-n5 
135.929615 136.208254 391.436416 G5-MEYAN-n6 
136.301134 137.555011 391.436416 G5-MEYAN-n7 
137.647891 138.205170 391.436416 G5-MEYAN-n8 
138.251610 138.344490 440.331269 A5-MEYAN-n9 
138.390930 138.669569 347.970899 F5-MEYAN-n10 
138.716009 138.855329 325.944659 E5b1-MEYAN-n11 
138.948209 139.412608 293.565746 D5-MEYAN-n12 
139.505488 139.830567 440.331269 A5-MEYAN-n13 
139.877007 140.062766 391.436416 G5-MEYAN-n14 
140.155646 140.620045 391.436416 G5-MEYAN-n15 
140.666485 140.898685 347.970899 F5-MEYAN-n16 
140.945125 141.316644 347.970899 F5-MEYAN-n17 
141.363084 141.595283 325.944659 E5b1-MEYAN-n18 
141.641723 141.966803 325.944659 E5b1-MEYAN-n19 
142.059683 142.245442 293.565746 D5-MEYAN-n20 
142.338322 145.589116 293.565746 D5-MEYAN-n21 
145.681995 146.657234 309.331839 E5b5-MEYAN-n22 
146.703673 147.214512 309.331839 E5b5-MEYAN-n23 
147.260952 147.632472 309.331839 E5b5-MEYAN-n24 
147.678912 147.818231 293.565746 D5-MEYAN-n25 
147.911111 148.189751 293.565746 D5-MEYAN-n26 
148.282630 148.561270 260.967892 C5-MEYAN-n27 
148.654150 148.979229 347.970899 F5-MEYAN-n28 
149.072109 149.304308 391.436416 G5-MEYAN-n29 
149.397188 149.675828 440.331269 A5-MEYAN-n30 
149.722268 149.815147 440.331269 A5-MEYAN-n31 
149.861587 150.093787 391.436416 G5-MEYAN-n32 
150.140227 150.558186 391.436416 G5-MEYAN-n33 
150.651066 150.743946 347.970899 F5-MEYAN-n34 
150.790385 152.276463 391.436416 G5-MEYAN-n35 
152.322902 152.555102 293.565746 D5-MEYAN-n36 
152.601542 152.740862 463.979478 B5b5-MEYAN-n37 
152.787302 152.926621 440.331269 A5-MEYAN-n38 
152.973061 153.158821 391.436416 G5-MEYAN-n39 
153.251701 153.391020 440.331269 A5-MEYAN-n40 
153.483900 153.762540 347.970899 F5-MEYAN-n41 
153.855420 154.644898 391.436416 G5-MEYAN-n42 
154.691338 154.644898 NaN Rest-MEYAN-n43 
154.691338 154.691338 347.970899 F5-MEYAN-n44 
155.155737 155.620136 347.970899 F5-MEYAN*-n1 
155.666576 156.316735 391.436416 G5-MEYAN*-n2 
156.409615 156.688254 347.970899 F5-MEYAN*-n3 
156.781134 157.106213 391.436416 G5-MEYAN*-n4 
157.152653 157.477732 440.331269 A5-MEYAN*-n5 
157.570612 157.895692 391.436416 G5-MEYAN*-n6 
157.988571 159.242449 391.436416 G5-MEYAN*-n7 
159.335329 159.660408 391.436416 G5-MEYAN*-n8 
159.753288 159.939048 440.331269 A5-MEYAN*-n9 
160.031927 160.171247 347.970899 F5-MEYAN*-n10 
160.310567 160.449887 325.944659 E5b1-MEYAN*-n11 
160.542766 160.914286 293.565746 D5-MEYAN*-n12 
161.007166 161.518005 440.331269 A5-MEYAN*-n13 
161.564444 161.935964 391.436416 G5-MEYAN*-n14 
162.028844 162.028844 391.436416 G5-MEYAN*-n15 
162.075283 162.446803 347.970899 F5-MEYAN*-n16 
162.539683 162.911202 347.970899 F5-MEYAN*-n17 
163.004082 163.096961 325.944659 E5b1-MEYAN*-n18 
163.189841 163.654240 325.944659 E5b1-MEYAN*-n19 
163.700680 164.025760 293.565746 D5-MEYAN*-n20 
164.118639 167.276553 293.565746 D5-MEYAN*-n21 
167.369433 168.205351 309.331839 E5b5-MEYAN*-n22 
168.251791 168.483991 309.331839 E5b5-MEYAN*-n23 
168.530431 168.809070 309.331839 E5b5-MEYAN*-n24 
168.855510 169.227029 293.565746 D5-MEYAN*-n25 
169.273469 170.016508 293.565746 D5-MEYAN*-n26 
170.062948 170.202268 260.967892 C5-MEYAN*-n27 
170.248707 170.945306 260.967892 C5-MEYAN*-n28 
171.038186 171.316825 231.989739 B4b5-MEYAN*-n29 
171.409705 171.409705 260.967892 C5-MEYAN*-n30 
171.502585 171.734785 293.565746 D5-MEYAN*-n31 
171.781224 173.035102 293.565746 D5-MEYAN*-n32 
173.081542 173.778141 293.565746 D5-MEYAN*-n33 
173.824580 173.963900 309.331839 E5b5-MEYAN*-n34 
174.010340 174.335420 293.565746 D5-MEYAN*-n35 
174.428299 174.706939 260.967892 C5-MEYAN*-n36 
174.799819 174.892698 231.989739 B4b5-MEYAN*-n37 
174.939138 175.217778 260.967892 C5-MEYAN*-n38 
175.310658 176.100136 293.565746 D5-MEYAN*-n39 
176.146576 176.146576 293.565746 D5-MEYAN*-n40 
176.193016 176.936054 293.565746 D5-NAKARAT-n1 
176.982494 177.632653 391.436416 G5-NAKARAT-n2 
177.679093 178.050612 366.658848 F5#4-NAKARAT-n3 
178.143492 178.607891 391.436416 G5-NAKARAT-n4 
178.654331 178.932971 440.331269 A5-NAKARAT-n5 
178.979410 179.211610 391.436416 G5-NAKARAT-n6 
179.258050 180.790567 391.436416 G5-NAKARAT-n7 
180.837007 181.022766 391.436416 G5-NAKARAT-n8 
181.115646 181.394286 347.970899 F5-NAKARAT-n9 
181.487166 181.672925 309.331839 E5b5-NAKARAT-n10 
181.719365 182.044444 293.565746 D5-NAKARAT-n11 
182.137324 182.369524 260.967892 C5-NAKARAT-n12 
182.415964 183.112562 260.967892 C5-NAKARAT-n13 
183.205442 183.530522 293.565746 D5-NAKARAT-n14 
183.623401 183.902041 309.331839 E5b5-NAKARAT-n15 
183.948481 184.087800 293.565746 D5-NAKARAT-n16 
184.134240 184.366440 260.967892 C5-NAKARAT-n17 
184.459320 184.552200 231.989739 B4b5-NAKARAT-n18 
184.598639 184.923719 220.165635 A4-NAKARAT-n19 
184.970159 185.295238 195.718208 G4-NAKARAT-n20 
185.388118 186.967075 220.165635 A4-NAKARAT-n21 
187.013515 187.199274 220.165635 A4-NAKARAT-n22 
187.245714 187.385034 231.989739 B4b5-NAKARAT-n23 
187.477914 187.663673 260.967892 C5-NAKARAT-n24 
187.756553 188.313832 293.565746 D5-NAKARAT-n25 
188.360272 188.917551 231.989739 B4b5-NAKARAT-n26 
189.010431 189.149751 220.165635 A4-NAKARAT-n27 
189.242630 189.799909 195.718208 G4-NAKARAT-n28 
189.892789 190.124989 309.331839 E5b5-NAKARAT-n29 
190.171429 191.146667 293.565746 D5-NAKARAT-n30 
191.239546 191.471746 260.967892 C5-NAKARAT-n31 
191.518186 191.982585 260.967892 C5-NAKARAT-n32 
192.029025 192.214785 231.989739 B4b5-NAKARAT-n33 
192.261224 192.539864 260.967892 C5-NAKARAT-n34 
192.632744 194.118821 293.565746 D5-NAKARAT-n35 
194.165261 194.954739 293.565746 D5-NAKARAT-n36 
195.001179 195.233379 309.331839 E5b5-NAKARAT-n37 
195.279819 195.465578 293.565746 D5-NAKARAT-n38 
195.558458 195.744218 260.967892 C5-NAKARAT-n39 
195.837098 195.929977 231.989739 B4b5-NAKARAT-n40 
195.976417 196.347937 260.967892 C5-NAKARAT-n41 
196.440816 197.183855 293.565746 D5-NAKARAT-n42 
197.276735 197.276735 293.565746 D5-NAKARAT-n43 
197.741134 198.391293 293.565746 D5-NAKARAT*--n1 
198.484172 198.855692 391.436416 G5-NAKARAT*--n2 
198.902132 199.227211 366.658848 F5#4-NAKARAT*--n3 
199.320091 199.738050 391.436416 G5-NAKARAT*--n4 
199.784490 200.063129 440.331269 A5-NAKARAT*--n5 
200.109569 200.341769 391.436416 G5-NAKARAT*--n6 
200.388209 201.827846 391.436416 G5-NAKARAT*--n7 
201.920726 202.152925 391.436416 G5-NAKARAT*--n8 
202.245805 202.478005 347.970899 F5-NAKARAT*--n9 
202.570884 202.942404 309.331839 E5b5-NAKARAT*--n10 
202.988844 203.174603 293.565746 D5-NAKARAT*--n11 
203.267483 203.406803 260.967892 C5-NAKARAT*--n12 
203.453243 204.196281 260.967892 C5-NAKARAT*--n13 
204.242721 204.614240 293.565746 D5-NAKARAT*--n14 
204.707120 204.939320 309.331839 E5b5-NAKARAT*--n15 
204.985760 205.171519 293.565746 D5-NAKARAT*--n16 
205.217959 205.450159 260.967892 C5-NAKARAT*--n17 
205.543039 205.775238 231.989739 B4b5-NAKARAT*--n18 
205.821678 206.286077 220.165635 A4-NAKARAT*--n19 
206.378957 206.750476 195.718208 G4-NAKARAT*--n20 
206.843356 207.911474 220.165635 A4-NAKARAT*--n21 
208.004354 208.282993 220.165635 A4-NAKARAT*--n22 
208.375873 208.700952 231.989739 B4b5-NAKARAT*--n23 
208.793832 208.793832 260.967892 C5-NAKARAT*--n24 
208.886712 209.536871 293.565746 D5-NAKARAT*--n25 
209.629751 210.094150 231.989739 B4b5-NAKARAT*--n26 
210.140590 210.279909 220.165635 A4-NAKARAT*--n27 
210.326349 211.069388 195.718208 G4-NAKARAT*--n28 
211.115828 211.533787 309.331839 E5b5-NAKARAT*--n29 
211.580227 212.555465 293.565746 D5-NAKARAT*--n30 
212.601905 212.741224 260.967892 C5-NAKARAT*--n31 
212.834104 213.809342 231.989739 B4b5-NAKARAT*--n32 
213.902222 213.902222 220.165635 A4-NAKARAT*--n33 
213.995102 214.552381 195.718208 G4-NAKARAT*--n34 
214.598821 215.248980 183.329424 F4#4-NAKARAT*--n35 
215.341859 216.549297 195.718208 G4-NAKARAT*--n36 
