47.368707482	195.718	0.928798185	G4-ZEMIN-n1
48.357006802	293.566	0.544217687	D5-ZEMIN-n2
48.994104308	274.983	0.323628117	C5#4-ZEMIN-n3
49.365623582	293.566	0.290249433	D5-ZEMIN-n4
49.677641723	309.332	0.541746031	E5b5-ZEMIN-n5
50.274489795	293.566	0.253061224	D5-ZEMIN-n6
50.540816326	293.566	3.004399092	D5-ZEMIN-n7
53.591655328	260.968	0.967981859	C5-ZEMIN-n8
54.571247165	309.332	0.552925170	E5b5-ZEMIN-n10
55.164807256	293.566	0.313469387	D5-ZEMIN-n11
55.482630385	261.789	0.150929705	C5-ZEMIN-n12
55.674489795	231.99	0.185759637	B4b5-ZEMIN-n13
56.006530612	220.166	0.325079365	A4-ZEMIN-n14
56.347959183	195.718	0.185759637	G4-ZEMIN-n15
56.616326530	220.166	1.583673469	A4-ZEMIN-n16
59.706122448	309.332	1.037278911	E5b5-ZEMIN-n17
60.983673469	309.332	0.317006802	E5b5-ZEMIN-n18
61.282653061	309.332	0.203786848	E5b5-ZEMIN-n19
61.579319727	293.566	0.325079365	D5-ZEMIN-n20
62.116326530	293.566	0.577551020	D5-ZEMIN-n21
62.740317460	260.968	0.092879818	C5-ZEMIN-n22
63.183673469	260.968	0.485442176	C5-ZEMIN-n23
63.658163265	260.968	0.181836734	C5-ZEMIN-n25
63.941836734	293.566	0.743151927	D5-ZEMIN-n26
64.586303854	293.566	1.021678004	D5-ZEMIN-n27
66.409070294	309.332	0.139319727	E5b5-ZEMIN-n28
66.594829931	293.566	0.325079365	D5-ZEMIN-n29
67.012789115	260.968	0.232199546	C5-ZEMIN-n30
67.337868480	231.99	0.139319727	B4b5-ZEMIN-n31
67.523628117	220.166	0.278639455	A4-ZEMIN-n32
67.895147392	195.718	0.789478458	G4-ZEMIN-n33
68.777505668	195.718	0.000000000	G4-ZEMIN-n34
68.784761904	195.718	0.921541950	G4-ZEMIN*-n1
69.729523809	293.566	0.534058956	D5-ZEMIN*-n2
70.279546485	274.983	0.316371882	C5#4-ZEMIN*-n3
70.623492063	293.566	0.342494331	D5-ZEMIN*-n4
70.963083900	293.878	0.185759637	D5-ZEMIN*-n6
71.642857142	309.332	0.340136054	E5b5-ZEMIN*-n5
72.028299319	293.566	2.832834467	D5-ZEMIN*-n7
74.954013605	260.968	0.882358276	C5-ZEMIN*-n8
75.852040816	309.332	0.530634920	E5b5-ZEMIN*-n10
76.447346938	293.566	0.301632653	D5-ZEMIN*-n11
76.768367346	261.789	0.226757369	C5-ZEMIN*-n12
77.030612244	231.99	0.293877551	B4b5-ZEMIN*-n13
77.355102040	220.166	0.279591836	A4-ZEMIN*-n14
77.657142857	195.718	0.285782312	G4-ZEMIN*-n15
77.969387755	220.166	2.371655328	A4-ZEMIN*-n16
80.865306122	309.332	1.175510204	E5b5-ZEMIN*-n17
82.136235827	309.332	0.438367346	E5b5-ZEMIN*-n18
82.561451247	311.381	0.226757369	E5b5-ZEMIN*-n19
82.819773242	295.888	0.185759637	D5-ZEMIN*-n20
83.430612244	293.566	0.486303854	D5-ZEMIN*-n21
83.963356009	260.968	0.092879818	C5-ZEMIN*-n22
84.102675736	260.968	0.464399092	C5-ZEMIN*-n23
84.659954648	231.99	0.417959183	B4b5-ZEMIN*-n24
85.026530612	260.968	0.417959183	C5-ZEMIN*-n25
85.600000000	293.878	0.328344671	D5-ZEMIN*-n26
85.998004535	293.566	0.696598639	D5-ZEMIN*-n27
88.003628117	309.332	0.139319727	E5b5-ZEMIN*-n28
88.189387755	293.566	0.139319727	D5-ZEMIN*-n29
88.375147392	260.968	0.510839002	C5-ZEMIN*-n30
88.932426303	231.99	0.000000000	B4b5-ZEMIN*-n31
89.025306122	260.968	0.278639455	C5-ZEMIN*-n32
89.396825396	293.566	0.696598639	D5-ZEMIN*-n33
90.139863945	293.566	0.000000000	D5-ZEMIN*-n34
90.168888888	293.566	0.557278911	D5-NAKARAT-n1
91.222494331	393.153	0.464399092	G5-NAKARAT-n2
91.820408163	368.837	0.139319727	F5#4-NAKARAT-n3
92.122267573	393.153	0.464399092	G5-NAKARAT-n4
92.694058956	440.331	0.278639455	A5-NAKARAT-n5
93.065578231	391.436	0.185759637	G5-NAKARAT-n6
93.341315192	391.436	1.486077097	G5-NAKARAT-n7
94.830294784	391.436	0.278639455	G5-NAKARAT-n8
95.233741496	349.384	0.325079365	F5-NAKARAT-n9
95.486258503	310.478	0.139319727	E5b5-NAKARAT-n10
95.776507936	295.888	0.417959183	D5-NAKARAT-n11
96.142222222	261.846	0.232199546	C5-NAKARAT-n12
96.409251700	261.846	0.789478458	C5-NAKARAT-n13
97.355464852	295.888	0.232199546	D5-NAKARAT-n14
97.692154195	310.478	0.185759637	E5b5-NAKARAT-n15
97.988208616	293.566	0.232199546	D5-NAKARAT-n16
98.284263038	261.846	0.278639455	C5-NAKARAT-n17
98.594829931	232.666	0.278639455	B4b5-NAKARAT-n18
98.902494331	220.508	0.092879818	A4-NAKARAT-n19
99.195646258	195.718	0.232199546	G4-NAKARAT-n20
99.520725623	220.166	1.300317460	A4-NAKARAT-n21
101.030022675	220.508	0.464399092	A4-NAKARAT-n22
101.363809523	232.666	0.139319727	B4b5-NAKARAT-n23
101.610521541	260.968	0.371519274	C5-NAKARAT-n24
101.935600907	295.888	0.464399092	D5-NAKARAT-n25
102.585759637	231.99	0.325079365	B4b5-NAKARAT-n26
102.890521541	220.508	0.325079365	A4-NAKARAT-n27
103.259138321	196.192	0.696598639	G4-NAKARAT-n28
104.118276643	309.332	0.232199546	E5b5-NAKARAT-n29
104.692970521	295.888	0.975238095	D5-NAKARAT-n30
105.418594104	260.968	0.139319727	C5-NAKARAT-n31
105.453424036	261.846	0.603718820	C5-NAKARAT-n32
106.231292517	232.666	0.185759637	B4b5-NAKARAT-n33
106.579591836	260.968	0.371519274	C5-NAKARAT-n34
107.093333333	295.888	0.296054421	D5-NAKARAT-n35
107.389387755	295.888	1.068117913	D5-NAKARAT-n36
110.474739229	310.478	0.092879818	E5b5-NAKARAT-n37
110.686621315	295.888	0.371519274	D5-NAKARAT-n38
111.011700680	261.846	0.000000000	C5-NAKARAT-n41
111.156825396	295.888	0.000000000	D5-NAKARAT-n43
111.177142857	261.846	0.000000000	C5-NAKARAT-n39
111.339682539	232.666	0.000000000	B4b5-NAKARAT-n40
111.389024943	295.888	0.000000000	D5-NAKARAT-n42
111.627029478	295.888	0.464399092	D5-NAKARAT*-n1
112.593560090	393.153	0.650158730	G5-NAKARAT*-n2
113.261133786	368.837	0.000000000	F5#4-NAKARAT*-n3
113.545578231	391.436	0.464399092	G5-NAKARAT*-n4
114.056417233	440.331	0.232199546	A5-NAKARAT*-n5
114.422131519	393.153	0.092879818	G5-NAKARAT*-n6
114.712380952	393.153	1.532517006	G5-NAKARAT*-n7
116.053333333	391.436	0.557278911	G5-NAKARAT*-n8
116.616417233	349.384	0.185759637	F5-NAKARAT*-n9
116.909569160	310.478	0.278639455	E5b5-NAKARAT*-n10
117.225941043	295.888	0.185759637	D5-NAKARAT*-n11
117.504580498	261.846	0.185759637	C5-NAKARAT*-n12
117.864489795	260.968	1.114557823	C5-NAKARAT*-n13
118.770068027	295.888	0.000000000	D5-NAKARAT*-n14
119.051609977	310.478	0.139319727	E5b5-NAKARAT*-n15
119.370884353	295.888	0.464399092	D5-NAKARAT*-n16
119.698866213	261.846	0.000000000	C5-NAKARAT*-n17
119.942675736	232.666	0.417959183	B4b5-NAKARAT*-n18
120.288072562	220.508	0.278639455	A4-NAKARAT*-n19
120.595736961	196.192	0.000000000	G4-NAKARAT*-n20
120.871473922	220.508	1.016598639	A4-NAKARAT*-n21
122.424308390	220.508	0.650158730	A4-NAKARAT*-n22
122.700045351	232.666	0.000000000	B4b5-NAKARAT*-n23
122.987392290	261.846	0.092879818	C5-NAKARAT*-n24
123.286349206	295.888	0.557278911	D5-NAKARAT*-n25
123.948117913	231.99	0.835918367	B4b5-NAKARAT*-n26
124.795646258	196.192	0.557278911	G4-NAKARAT*-n28
124.830476190	220.166	0.000000000	A4-NAKARAT*-n27
125.480634920	309.332	0.232199546	E5b5-NAKARAT*-n29
126.116281179	295.888	0.835918367	D5-NAKARAT*-n30
126.720000000	261.846	0.092879818	C5-NAKARAT*-n31
127.004444444	232.666	0.557278911	B4b5-NAKARAT*-n32
127.291791383	220.508	0.325079365	A4-NAKARAT*-n33
127.930340136	196.192	0.417959183	G4-NAKARAT*-n34
128.217687074	184.034	0.139319727	F4#4-NAKARAT*-n35
128.528253968	196.192	1.439637188	G4-NAKARAT*-n36
130.078185941	293.566	0.278639455	D5-NAKARAT*-n37
130.449705215	463.979	0.417959183	B5b5-NAKARAT*-n38
130.960544217	440.331	0.278639455	A5-NAKARAT*-n39
131.285623582	391.436	0.417959183	G5-NAKARAT*-n40
131.750022675	440.331	0.092879818	A5-NAKARAT*-n41
131.889342403	347.971	0.232199546	F5-NAKARAT*-n42
132.214421768	391.436	0.743038548	G5-NAKARAT*-n43
133.050340136	nan	0.000000000	Rest-NAKARAT*-n44
133.050340136	347.971	0.000000000	F5-NAKARAT*-n45
133.064852607	349.384	0.882494331	F5-MEYAN-n1
134.022675736	417.469	0.763265306
134.664126984	349.384	0.092879818	F5-MEYAN-n3
135.000816326	391.436	0.000000000	G5-MEYAN-n2
135.006621315	393.153	0.371519274	G5-MEYAN-n4
135.308480725	441.785	0.232199546	A5-MEYAN-n5
135.877369614	393.153	0.278639455	G5-MEYAN-n6
136.187936507	393.153	1.253877551	G5-MEYAN-n7
137.647891156	391.436	0.557278911	G5-MEYAN-n8
138.176145124	441.785	0.092879818	A5-MEYAN-n9
138.341587301	349.384	0.278639455	F5-MEYAN-n10
138.620226757	327.499	0.139319727	E5b1-MEYAN-n11
138.890158730	295.888	0.464399092	D5-MEYAN-n12
139.415510204	441.785	0.325079365	A5-MEYAN-n13
139.877006802	391.436	0.185759637	G5-MEYAN-n14
140.155646258	391.436	0.464399092	G5-MEYAN-n15
140.666485260	347.971	0.232199546	F5-MEYAN-n16
140.800000000	349.384	0.371519274	F5-MEYAN-n17
141.380498866	327.499	0.232199546	E5b1-MEYAN-n18
141.641723356	325.945	0.325079365	E5b1-MEYAN-n19
142.059682539	293.566	0.185759637	D5-MEYAN-n20
142.338321995	293.566	3.250793650	D5-MEYAN-n21
145.438185941	310.478	0.975238095	E5b5-MEYAN-n22
146.783673469	310.478	0.510839002	E5b5-MEYAN-n23
147.260952380	309.332	0.371519274	E5b5-MEYAN-n24
147.678911564	293.566	0.139319727	D5-MEYAN-n25
148.282630385	260.968	0.278639455	C5-MEYAN-n27
148.571428571	347.971	0.325079365	F5-MEYAN-n28
148.922448979	393.153	0.232199546	G5-MEYAN-n29
149.224489795	441.785	0.278639455	A5-MEYAN-n30
149.608163265	441.785	0.092879818	A5-MEYAN-n31
149.861587301	391.436	0.232199546	G5-MEYAN-n32
150.163446712	393.153	0.417959183	G5-MEYAN-n33
150.651065759	347.971	0.092879818	F5-MEYAN-n34
150.770068027	393.153	1.486077097	G5-MEYAN-n35
152.322902494	293.566	0.232199546	D5-MEYAN-n36
152.601541950	463.979	0.139319727	B5b5-MEYAN-n37
152.787301587	440.331	0.139319727	A5-MEYAN-n38
152.973061224	391.436	0.185759637	G5-MEYAN-n39
153.251700680	440.331	0.139319727	A5-MEYAN-n40
153.483900226	347.971	0.278639455	F5-MEYAN-n41
153.855419501	391.436	0.789478458	G5-MEYAN-n42
154.691337868	347.971	0.000000000	F5-MEYAN-n44
154.691337868	349.384	0.464399092	F5-MEYAN*-n1
154.711655328	349.384	0.464399092	F5-MEYAN*-n1
155.666575963	391.436	0.650158730	G5-MEYAN*-n2
156.290612244	349.384	0.278639455	F5-MEYAN*-n3
156.589569160	393.153	0.325079365	G5-MEYAN*-n4
156.885623582	441.785	0.325079365	A5-MEYAN*-n5
157.471927437	393.153	0.325079365	G5-MEYAN*-n6
157.828934240	393.153	1.253877551	G5-MEYAN*-n7
159.335328798	391.436	0.325079365	G5-MEYAN*-n8
159.677823129	441.785	0.185759637	A5-MEYAN*-n9
159.959365079	349.384	0.139319727	F5-MEYAN*-n10
160.261224489	327.499	0.139319727	E5b1-MEYAN*-n11
160.595011337	295.888	0.371519274	D5-MEYAN*-n12
160.873650793	441.785	0.510839002	A5-MEYAN*-n13
161.564444444	391.436	0.371519274	G5-MEYAN*-n14
162.028843537	391.436	0.000000000	G5-MEYAN*-n15
162.075283446	347.971	0.371519274	F5-MEYAN*-n16
162.435192743	349.384	0.371519274	F5-MEYAN*-n17
162.768979591	327.499	0.092879818	E5b1-MEYAN*-n18
163.242086167	327.499	0.464399092	E5b1-MEYAN*-n19
163.700680272	293.566	0.325079365	D5-MEYAN*-n20
163.999637188	295.888	3.157913832	D5-MEYAN*-n21
167.122448979	310.478	0.835918367	E5b5-MEYAN*-n22
168.251791383	309.332	0.232199546	E5b5-MEYAN*-n23
168.530430839	309.332	0.278639455	E5b5-MEYAN*-n24
168.855510204	293.566	0.371519274	D5-MEYAN*-n25
169.273469387	293.566	0.743038548	D5-MEYAN*-n26
170.062947845	260.968	0.139319727	C5-MEYAN*-n27
170.183673469	261.846	0.696598639	C5-MEYAN*-n28
170.824489795	232.666	0.278639455	B4b5-MEYAN*-n29
171.067936507	261.846	0.000000000	C5-MEYAN*-n30
171.387755102	295.888	0.232199546	D5-MEYAN*-n31
171.781224489	293.566	1.253877551	D5-MEYAN*-n32
173.081541950	293.566	0.696598639	D5-MEYAN*-n33
173.824580498	309.332	0.139319727	E5b5-MEYAN*-n34
174.010340136	293.566	0.325079365	D5-MEYAN*-n35
174.428299319	260.968	0.278639455	C5-MEYAN*-n36
174.799818594	231.99	0.092879818	B4b5-MEYAN*-n37
174.939138321	260.968	0.278639455	C5-MEYAN*-n38
175.310657596	293.566	0.789478458	D5-MEYAN*-n39
176.146575963	293.566	0.000000000	D5-MEYAN*-n40
176.193015873	293.566	0.743038548	D5-NAKARAT-n1
177.191473922	393.153	0.650158730	G5-NAKARAT-n2
177.757460317	368.837	0.371519274	F5#4-NAKARAT-n3
178.050612244	393.153	0.464399092	G5-NAKARAT-n4
178.654331065	440.331	0.278639455	A5-NAKARAT-n5
178.979410430	391.436	0.232199546	G5-NAKARAT-n6
179.301587301	393.153	1.532517006	G5-NAKARAT-n7
180.857324263	393.153	0.185759637	G5-NAKARAT-n8
181.162086167	349.384	0.278639455	F5-NAKARAT-n9
181.487165532	309.332	0.185759637	E5b5-NAKARAT-n10
181.719365079	293.566	0.325079365	D5-NAKARAT-n11
182.137324263	260.968	0.232199546	C5-NAKARAT-n12
182.415963718	260.968	0.696598639	C5-NAKARAT-n13
183.272199546	295.888	0.325079365	D5-NAKARAT-n14
183.556643990	310.478	0.278639455	E5b5-NAKARAT-n15
183.855600907	295.888	0.139319727	D5-NAKARAT-n16
184.148979591	261.846	0.232199546	C5-NAKARAT-n17
184.459319727	231.99	0.092879818	B4b5-NAKARAT-n18
184.726530612	220.508	0.325079365	A4-NAKARAT-n19
185.028571428	196.192	0.325079365	G4-NAKARAT-n20
185.336734693	220.508	1.240544217	A4-NAKARAT-n21
186.865487528	220.508	0.185759637	A4-NAKARAT-n22
187.126712018	232.666	0.139319727	B4b5-NAKARAT-n23
187.477913832	260.968	0.185759637	C5-NAKARAT-n24
187.756553287	293.566	0.557278911	D5-NAKARAT-n25
188.360272108	231.99	0.557278911	B4b5-NAKARAT-n26
189.010430839	220.166	0.139319727	A4-NAKARAT-n27
189.297777777	196.192	0.557278911	G4-NAKARAT-n28
189.892789115	309.332	0.232199546	E5b5-NAKARAT-n29
190.171428571	293.566	0.975238095	D5-NAKARAT-n30
191.239546485	260.968	0.232199546	C5-NAKARAT-n31
191.518185941	260.968	0.464399092	C5-NAKARAT-n32
192.029024943	231.99	0.185759637	B4b5-NAKARAT-n33
192.261224489	260.968	0.278639455	C5-NAKARAT-n34
192.632743764	293.566	0.293786848	D5-NAKARAT-n35
193.000000000	293.566	1.954739229	D5-NAKARAT-n36
195.001179138	309.332	0.232199546	E5b5-NAKARAT-n37
195.279818594	293.566	0.185759637	D5-NAKARAT-n38
195.558458049	260.968	0.185759637	C5-NAKARAT-n39
195.837097505	231.99	0.092879818	B4b5-NAKARAT-n40
195.976417233	260.968	0.371519274	C5-NAKARAT-n41
196.440816326	293.566	0.743038548	D5-NAKARAT-n42
197.276734693	293.566	0.000000000	D5-NAKARAT-n43
197.326077097	295.888	0.650158730	D5-NAKARAT*--n1
198.318730158	393.153	0.371519274	G5-NAKARAT*--n2
198.902131519	366.659	0.325079365	F5#4-NAKARAT*--n3
199.189478458	393.153	0.417959183	G5-NAKARAT*--n4
199.784489795	440.331	0.278639455	A5-NAKARAT*--n5
200.109569160	391.436	0.232199546	G5-NAKARAT*--n6
200.388208616	391.436	1.439637188	G5-NAKARAT*--n7
201.920725623	391.436	0.232199546	G5-NAKARAT*--n8
202.245804988	347.971	0.232199546	F5-NAKARAT*--n9
202.570884353	309.332	0.371519274	E5b5-NAKARAT*--n10
202.855328798	295.888	0.185759637	D5-NAKARAT*--n11
203.267482993	260.968	0.139319727	C5-NAKARAT*--n12
203.453242630	260.968	0.743038548	C5-NAKARAT*--n13
204.242721088	293.566	0.371519274	D5-NAKARAT*--n14
204.707120181	309.332	0.232199546	E5b5-NAKARAT*--n15
204.985759637	293.566	0.185759637	D5-NAKARAT*--n16
205.217959183	260.968	0.232199546	C5-NAKARAT*--n17
205.543038548	231.99	0.232199546	B4b5-NAKARAT*--n18
205.821678004	220.166	0.464399092	A4-NAKARAT*--n19
206.378956916	195.718	0.371519274	G4-NAKARAT*--n20
206.843356009	220.166	1.068117913	A4-NAKARAT*--n21
208.004353741	220.166	0.278639455	A4-NAKARAT*--n22
208.375873015	231.99	0.325079365	B4b5-NAKARAT*--n23
208.793832199	260.968	0.000000000	C5-NAKARAT*--n24
208.886712018	293.566	0.650158730	D5-NAKARAT*--n25
209.510204081	232.666	0.464399092	B4b5-NAKARAT*--n26
210.140589569	220.166	0.139319727	A4-NAKARAT*--n27
210.442857142	196.192	0.743038548	G4-NAKARAT*--n28
211.157142857	310.478	0.417959183	E5b5-NAKARAT*--n29
211.580226757	293.566	0.975238095	D5-NAKARAT*--n30
212.703492063	261.846	0.139319727	C5-NAKARAT*--n31
213.008253968	232.666	0.975238095	B4b5-NAKARAT*--n32
213.902222222	220.166	0.000000000	A4-NAKARAT*--n33
213.995102040	195.718	0.557278911	G4-NAKARAT*--n34
214.598820861	183.329	0.650158730	F4#4-NAKARAT*--n35
215.583673469	195.718	0.965623582	G4-NAKARAT*--n36
