0.950395 1.229034 381.386433 G4-ZEMIN-n1
1.275474 1.368354 381.386433 G4-ZEMIN-n2
1.414794 1.507673 363.638140 D5-ZEMIN-n3
1.554113 2.482912 368.395011 D5-ZEMIN-n4
2.529351 3.27239 332.016174 D5-ZEMIN-n5
3.31883 3.597469 376.461811 D5-ZEMIN-n6
3.643909 3.643909 329.151900 C5-ZEMIN-n7
3.690349 3.736789 334.905373 C5-ZEMIN-n8
3.783229 3.829669 357.391054 D5-ZEMIN-n9
3.876109 3.876109 315.196939 C5-ZEMIN-n10
3.922549 3.968989 289.036867 B4b5-ZEMIN-n11
4.015429 4.294068 290.291740 B4b5-ZEMIN-n12
4.386948 4.294068 NaN Rest-ZEMIN-n13
4.386948 5.037107 376.461811 E5b5-ZEMIN-n14
5.083546 5.222866 383.042248 E5b5-ZEMIN-n15
5.315746 5.594385 362.066205 D5-ZEMIN-n16
5.687265 5.873025 348.221076 C5#4-ZEMIN-n17
5.919465 6.151664 366.802513 D5-ZEMIN-n18
6.244544 6.430304 391.429781 E5b5-ZEMIN-n19
6.523184 6.801823 459.480464 F5#4-ZEMIN-n20
6.894703 7.080463 378.096246 E5b5-ZEMIN-n21
7.126902 7.126902 365.216899 D5-ZEMIN-n22
7.173342 7.312662 368.395011 D5-ZEMIN-n23
7.359102 7.498422 351.251290 C5#4-ZEMIN-n24
7.544862 7.544862 373.214108 D5-ZEMIN-n25
7.637741 7.637741 388.052950 E5b5-ZEMIN-n26
7.684181 8.009261 371.600778 D5-ZEMIN-n27
8.055701 8.14858 326.312335 C5-ZEMIN-n28
8.19502 8.33434 349.732901 C5-ZEMIN-n29
8.38078 8.47366 277.984323 B4b5-ZEMIN-n30
8.56654 8.65942 304.460174 B4b5-ZEMIN-n31
8.705859 8.845179 275.586176 A4-ZEMIN-n32
8.938059 9.216698 346.715786 D5-ZEMIN-n33
9.263138 9.263138 340.759416 C5-ZEMIN-n34
9.309578 9.402458 614.219163 B4b5-ZEMIN-n35
9.448898 9.634658 601.057713 A4-ZEMIN-n36
9.727537 9.634658 NaN G4-ZEMIN-n37
9.727537 9.727537 231.739428 F4#4-ZEMIN-n38
9.773977 9.820417 238.874611 G4-ZEMIN*-n1
9.866857 10.052617 245.165083 G4-ZEMIN*-n2
10.517016 10.842095 365.216899 D5-ZEMIN*-n3
10.888535 12.235293 366.802513 D5-ZEMIN*-n4
12.281732 12.839011 365.216899 D5-ZEMIN*-n5
12.931891 13.76781 366.802513 D5-ZEMIN*-n6
13.814249 13.953569 326.312335 C5-ZEMIN*-n7
14.046449 14.232209 323.497267 C5-ZEMIN*-n8
14.278649 14.557288 371.600778 D5-ZEMIN*-n9
14.650168 14.835927 366.802513 C5-ZEMIN*-n10
14.882367 14.882367 332.016174 B4b5-ZEMIN*-n11
14.928807 15.207447 317.939778 B4b5-ZEMIN*-n12
15.578966 15.207447 NaN Rest-ZEMIN*-n13
15.578966 16.136245 371.600778 E5b5-ZEMIN*-n14
16.182685 16.368444 386.375475 E5b5-ZEMIN*-n15
16.461324 17.018603 357.391054 D5-ZEMIN*-n16
17.065043 17.065043 342.238846 C5#4-ZEMIN*-n17
17.111483 17.390122 366.802513 D5-ZEMIN*-n18
17.436562 17.622322 394.835997 E5b5-ZEMIN*-n19
17.715202 18.040281 469.541776 F5#4-ZEMIN*-n20
18.086721 18.133161 388.052950 E5b5-ZEMIN*-n21
18.226041 18.272481 363.638140 D5-ZEMIN*-n22
18.318921 19.015519 368.395011 D5-ZEMIN*-n23
19.061959 19.015519 NaN Rest-ZEMIN*-n24
19.061959 19.108399 362.066205 D5-ZEMIN*-n25
19.201279 19.294159 410.534516 E5-ZEMIN*-n26
19.340599 19.619238 430.571707 F5-ZEMIN*-n27
19.665678 19.758558 434.318535 E5-ZEMIN*-n28
19.804998 19.804998 405.233522 D5-ZEMIN*-n29
19.851438 19.944317 400.000977 E5-ZEMIN*-n30
20.037197 20.548036 434.318535 F5-ZEMIN*-n31
20.594476 20.594476 434.318535 E5-ZEMIN*-n32
20.687356 20.733796 467.512041 G5-ZEMIN*-n33
21.105315 21.151755 434.318535 F5-NAKARAT1-n1
21.198195 21.198195 432.441063 E5-NAKARAT1-n2
21.755474 22.126993 185.800389 D5-NAKARAT1-n3
22.173433 22.452073 410.534516 E5-NAKARAT1-n4
22.498512 23.102231 430.571707 F5-NAKARAT1-n5
23.148671 23.61307 440.000000 F5-NAKARAT1-n6
23.65951 23.98459 467.512041 G5b4-NAKARAT1-n7
24.077469 24.588308 544.055384 A5-NAKARAT1-n8
24.634748 24.681188 469.541776 G5b4-NAKARAT1-n9
24.774068 25.052707 457.494222 G5b4-NAKARAT1-n10
25.099147 25.192027 405.233522 F5-NAKARAT1-n11
25.284907 25.888626 447.691065 F5-NAKARAT1-n12
25.981506 25.981506 494.597012 G5b4-NAKARAT1-n13
26.074385 26.260145 438.097968 F5-NAKARAT1-n14
26.353025 26.631664 410.534516 E5-NAKARAT1-n15
26.724544 27.142503 365.216899 D5-NAKARAT1-n16
27.188943 27.606902 426.857203 F5-NAKARAT1-n17
27.653342 27.931982 440.000000 F5-NAKARAT1-n18
28.024862 28.442821 381.386433 E5b5-NAKARAT1-n19
28.489261 28.489261 369.994423 D5-NAKARAT1-n20
28.582141 28.7679 398.271853 E5b5-NAKARAT1-n21
28.86078 29.185859 438.097968 F5-NAKARAT1-n22
29.232299 29.232299 488.210568 G5-NAKARAT1-n23
29.278739 29.278739 483.998818 A5b5-NAKARAT1-n24
29.325179 29.464499 481.906588 G5-NAKARAT1-n25
29.557379 29.743138 436.204158 F5-NAKARAT1-n26
29.836018 29.882458 430.571707 F5-NAKARAT1-n27
29.928898 29.928898 430.571707 E5b5-NAKARAT1-n28
30.021778 30.068218 434.318535 F5-NAKARAT1-n29
30.114658 30.300417 490.330167 G5-NAKARAT1-n30
30.393297 30.718376 441.910290 F5-NAKARAT1-n31
30.811256 31.136336 391.429781 E5b5-NAKARAT1-n32
31.182776 31.182776 368.395011 D5-NAKARAT1-n33
31.229215 31.414975 378.096246 E5b5-NAKARAT1-n34
31.507855 31.693615 324.901752 D5-NAKARAT1-n35
31.786494 32.343773 290.291740 C5-NAKARAT1-n36
32.390213 32.390213 294.089143 B4b5-NAKARAT1-n37
32.436653 32.529533 332.016174 C5-NAKARAT1-n38
32.947492 33.226132 363.638140 D5-NAKARAT2-n1
33.272571 33.226132 NaN Rest-NAKARAT2-n2
33.272571 33.411891 324.901752 C5-NAKARAT2-n3
33.458331 33.597651 368.395011 D5-NAKARAT2-n4
33.644091 34.15493 365.216899 D5-NAKARAT2-n5
34.24781 34.990848 486.100131 G5-NAKARAT2-n6
35.083728 35.269488 376.461811 D5-NAKARAT2-n7
35.315927 35.826766 369.994423 D5-NAKARAT2-n8
35.919646 36.012526 324.901752 C5-NAKARAT2-n9
36.058966 36.523365 329.151900 C5-NAKARAT2-n10
36.616245 36.662685 284.071387 B4b5-NAKARAT2-n11
36.802005 37.080644 291.552061 B4b5-NAKARAT2-n12
37.127084 37.127084 285.304702 A4-NAKARAT2-n13
37.173524 37.173524 320.706484 B4b5-NAKARAT2-n14
37.219964 37.312844 326.312335 C5-NAKARAT2-n15
37.359283 37.916562 368.395011 D5-NAKARAT2-n16
37.963002 37.916562 NaN Rest-NAKARAT2-n17
37.963002 38.752481 192.352626 D5-NAKARAT2-n18
38.845361 38.845361 322.098853 C5-NAKARAT2-n19
38.8918 39.30976 326.312335 C5-NAKARAT2-n20
39.402639 39.495519 281.620728 B4b5-NAKARAT2-n21
39.541959 40.052798 281.620728 B4b5-NAKARAT2-n22
40.145678 40.284998 274.394873 A4-NAKARAT2-n23
40.377878 40.424317 373.214108 D5-NAKARAT2-n24
40.470757 40.517197 332.016174 C5-NAKARAT2-n25
40.563637 40.656517 286.543372 B4b5-NAKARAT2-n26
41.028036 41.074476 265.047976 A4-NAKARAT2-n27
41.120916 41.167356 231.739428 G4-NAKARAT2-n28
41.213796 41.260236 252.713638 F4#4-NAKARAT2-n29
41.306676 42.003274 243.050066 G4-NAKARAT2-n30
42.049714 42.096154 434.318535 G5b4-NAKARAT2-n31
42.142594 42.142594 434.318535 F5-NAKARAT2-n32
42.189034 42.235474 436.204158 E5-NAKARAT2-n33
42.281914 42.281914 438.097968 D5-NAKARAT2-n34
42.328354 42.374794 436.204158 E5-NAKARAT2-n35
42.421234 43.024952 438.097968 F5-NAKARAT2-n36
43.071392 43.164272 434.318535 E5-NAKARAT2-n37
43.210712 43.257152 939.083553 G5b4-NAKARAT2-n38
48.922821 49.34078 441.910290 F5-MEYAN-n1
49.38722 49.57298 394.835997 E5-MEYAN-n2
49.665859 49.990939 362.066205 D5-MEYAN-n3
50.037379 50.362458 182.608450 E5-MEYAN-n4
50.408898 51.012617 432.441063 F5-MEYAN-n5
51.059057 51.198376 471.580324 G5b4-MEYAN-n6
51.244816 51.430576 530.095952 A5-MEYAN-n7
51.477016 51.616336 443.828873 G5b4-MEYAN-n8
51.755655 52.684454 440.000000 G5b4-MEYAN-n9
52.777333 52.963093 412.316880 F5-MEYAN-n10
53.055973 53.845451 453.547460 F5-MEYAN-n11
53.891891 53.891891 457.494222 G5b4-MEYAN-n12
53.938331 54.216971 436.204158 F5-MEYAN-n13
54.26341 54.40273 406.992871 E5-MEYAN-n14
54.49561 54.913569 376.461811 D5-MEYAN-n15
55.006449 54.913569 NaN Rest-MEYAN-n16
55.006449 55.192209 661.161869 D5-MEYAN-n17
55.424408 55.517288 483.998818 E5-MEYAN-n18
55.563728 56.074567 438.097968 F5-MEYAN-n19
56.121007 56.121007 441.910290 G5b4-MEYAN-n20
56.213887 56.399646 573.086743 A5-MEYAN-n21
56.446086 56.399646 NaN G5b4-MEYAN-n22
56.446086 56.399646 NaN F5-MEYAN-n23
56.446086 56.399646 NaN E5-MEYAN-n24
56.446086 56.399646 NaN A5-MEYAN-n25
56.446086 56.399646 NaN G5b4-MEYAN-n26
56.446086 56.399646 NaN F5-MEYAN-n27
56.446086 56.399646 NaN E5-MEYAN-n28
56.446086 56.399646 NaN F5-MEYAN-n29
56.446086 56.399646 NaN A5-MEYAN-n30
56.446086 56.399646 NaN B5b5-MEYAN-n31
56.446086 56.399646 NaN A5-MEYAN-n32
56.446086 56.399646 NaN G5-MEYAN-n33
56.446086 56.399646 NaN G5-MEYAN-n34
56.446086 56.399646 NaN F5-MEYAN-n35
56.446086 56.399646 NaN G5-MEYAN-n36
56.446086 56.446086 580.583481 F5-MEYAN-n37
178.954567 179.186766 475.684008 G5-NAKARAT3-n1
179.279646 179.186766 NaN Rest-NAKARAT3-n2
179.279646 179.697605 434.318535 F5-NAKARAT3-n3
179.744045 179.976245 483.998818 G5-NAKARAT3-n4
180.022685 180.951483 430.571707 G5-NAKARAT3-n5
180.997923 181.415882 473.627721 G5-NAKARAT3-n6
181.462322 181.740961 434.318535 F5-NAKARAT3-n7
181.880281 182.34468 398.271853 E5-NAKARAT3-n8
182.43756 183.087719 436.204158 F5-NAKARAT3-n9
183.180599 183.273478 436.204158 F5-NAKARAT3-n10
183.366358 183.412798 391.429781 E5-NAKARAT3-n11
183.459238 183.598558 393.129200 E5-NAKARAT3-n12
183.691438 183.877197 366.802513 D5-NAKARAT3-n13
183.923637 184.805995 366.802513 D5-NAKARAT3-n14
184.898875 184.805995 NaN Rest-NAKARAT3-n15
184.898875 185.270395 436.204158 F5-NAKARAT3-n16
185.316834 185.595474 441.910290 F5-NAKARAT3-n17
185.688354 186.013433 400.000977 E5b5-NAKARAT3-n18
186.059873 186.152753 369.994423 D5-NAKARAT3-n19
186.199193 186.477832 400.000977 E5b5-NAKARAT3-n20
186.570712 186.895791 436.204158 F5-NAKARAT3-n21
186.942231 186.942231 481.906588 G5-NAKARAT3-n22
186.988671 187.035111 496.744338 A5b5-NAKARAT3-n23
187.081551 187.220871 483.998818 G5-NAKARAT3-n24
187.313751 187.36019 434.318535 F5-NAKARAT3-n25
187.45307 187.68527 436.204158 F5-NAKARAT3-n26
187.73171 187.77815 864.882127 E5b5-NAKARAT3-n27
187.82459 187.82459 441.910290 F5-NAKARAT3-n28
187.871029 188.149669 488.210568 G5-NAKARAT3-n29
188.242549 188.521188 434.318535 F5-NAKARAT3-n30
188.567628 188.753388 388.052950 E5b5-NAKARAT3-n31
188.846268 188.892707 366.802513 D5-NAKARAT3-n32
188.939147 188.985587 400.000977 E5b5-NAKARAT3-n33
189.032027 189.217787 362.066205 D5-NAKARAT3-n34
189.310667 189.496426 327.729042 C5-NAKARAT3-n35
189.589306 190.053705 580.583481 B4b5-NAKARAT3-n36
190.146585 190.146585 323.497267 C5-NAKARAT3-n37
190.471664 190.796744 184.197505 D5-NAKARAT2*-n1
190.889624 190.796744 NaN Rest-NAKARAT2*-n2
190.889624 191.121823 326.312335 C5-NAKARAT2*-n3
191.168263 191.354023 368.395011 D5-NAKARAT2*-n4
191.400463 191.771982 365.216899 D5-NAKARAT2*-n5
191.864862 192.6079 486.100131 G5-NAKARAT2*-n6
192.70078 192.93298 374.834442 D5-NAKARAT2*-n7
192.97942 193.443819 184.997211 D5-NAKARAT2*-n8
193.536698 193.629578 324.901752 C5-NAKARAT2*-n9
193.676018 194.279737 327.729042 C5-NAKARAT2*-n10
194.372617 194.372617 287.787419 B4b5-NAKARAT2*-n11
194.419057 194.604816 285.304702 B4b5-NAKARAT2*-n12
194.651256 194.651256 273.208719 A4-NAKARAT2*-n13
194.697696 194.744136 286.543372 B4b5-NAKARAT2*-n14
194.837016 194.976336 324.901752 C5-NAKARAT2*-n15
195.022776 195.394295 366.802513 D5-NAKARAT2*-n16
195.440735 195.394295 NaN Rest-NAKARAT2*-n17
195.440735 196.415973 0.000000 D5-NAKARAT2*-n18
196.508853 196.694612 324.901752 C5-NAKARAT2*-n19
196.741052 197.066132 326.312335 C5-NAKARAT2*-n20
197.159011 197.251891 291.552061 B4b5-NAKARAT2*-n21
197.298331 197.94849 277.984323 B4b5-NAKARAT2*-n22
198.04137 198.273569 275.586176 A4-NAKARAT2*-n23
198.320009 198.320009 311.126984 D5-NAKARAT2*-n24
198.366449 198.505769 333.457645 C5-NAKARAT2*-n25
198.645088 198.737968 606.288107 B4b5-NAKARAT2*-n26
198.784408 198.830848 270.851771 A4-NAKARAT2*-n27
198.877288 199.202367 245.165083 G4-NAKARAT2*-n28
199.248807 199.248807 239.911701 F4#4-NAKARAT2*-n29
199.295247 200.781324 244.105284 G4-NAKARAT2*-n30
200.874204 200.781324 NaN D5-NAKARAT2*-n31
200.874204 200.781324 NaN E5b5-NAKARAT2*-n32
200.874204 200.781324 NaN D5-NAKARAT2*-n33
200.874204 200.781324 NaN C5-NAKARAT2*-n34
200.874204 200.781324 NaN B4b5-NAKARAT2*-n35
200.874204 200.781324 NaN A4-NAKARAT2*-n36
200.874204 200.781324 NaN G4-NAKARAT2*-n37
200.874204 200.874204 245.165083 Rest-NAKARAT2*-n38
