0.371519 1.207438 296.653330 G5-1._HANE-n1 
1.253878 1.300317 296.653330 G5-1._HANE-n2 
1.393197 1.625397 277.875445 F5#4-1._HANE-n3 
1.671837 2.182676 296.653330 G5-1._HANE-n4 
2.229116 2.461315 333.708700 A5-1._HANE-n5 
2.507755 2.739955 351.630691 B5b5-1._HANE-n6 
2.786395 2.832834 333.708700 A5-1._HANE-n7 
2.879274 3.018594 296.653330 G5-1._HANE-n8 
3.111474 3.204354 277.875445 F5#4-1._HANE-n9 
3.297234 4.226032 296.653330 G5-1._HANE-n10 
4.318912 4.411791 333.708700 A5-1._HANE-n11 
4.458231 4.551111 351.630691 B5b5-1._HANE-n12 
4.597551 4.783311 333.708700 A5-1._HANE-n13 
4.829751 4.876190 296.653330 G5-1._HANE-n14 
4.922630 5.154830 277.875445 F5#4-1._HANE-n15 
5.247710 5.572789 237.515763 E5b4-1._HANE-n16 
5.665669 6.362268 222.481232 D5-1._HANE-n17 
6.408707 6.548027 333.708700 A5-1._HANE-n18 
6.594467 6.640907 296.653330 G5-1._HANE-n19 
6.687347 6.780227 277.875445 F5#4-1._HANE-n20 
6.873107 6.919546 277.875445 F5#4-1._HANE-n21 
7.105306 7.151746 237.515763 E5b4-1._HANE-n22 
7.198186 7.337506 237.515763 E5b4-1._HANE-n23 
7.383946 7.523265 222.481232 D5-1._HANE-n24 
7.569705 9.055782 222.481232 D5-1._HANE-n25 
9.148662 9.659501 222.481232 D5-1._HANE-n26 
9.752381 9.938141 250.271664 E5-1._HANE-n27 
9.984580 10.031020 197.776679 C5-1._HANE-n28 
10.077460 10.216780 222.481232 D5-1._HANE-n29 
10.263220 10.356100 185.257596 B4b1-1._HANE-n30 
10.402540 10.541859 197.776679 C5-1._HANE-n31 
10.588299 10.681179 166.854350 A4-1._HANE-n32 
10.727619 11.006259 148.326665 G4-1._HANE-n33 
11.145578 11.656417 185.257596 B4b1-1._HANE-n34 
11.702857 11.702857 197.776679 C5-1._HANE-n35 
11.795737 12.167256 222.481232 D5-1._HANE-n36 
12.260136 12.678095 237.515763 E5b4-1._HANE-n37 
12.724535 12.724535 222.481232 D5-1._HANE-n38 
12.770975 12.956735 197.776679 C5-1._HANE-n39 
13.096054 13.885533 222.481232 D5-1._HANE-n40 
13.978413 13.978413 237.515763 E5b4-1._HANE-n41 
14.071293 14.164172 222.481232 D5-1._HANE-n42 
14.257052 14.303492 333.708700 A5-1._HANE-n43 
14.349932 14.396372 296.653330 G5-1._HANE-n44 
14.442812 14.767891 296.653330 G5-1._HANE-n45 
14.814331 14.814331 277.875445 F5#4-1._HANE-n46 
14.860771 14.953651 237.515763 E5b4-1._HANE-n47 
15.000091 15.092971 277.875445 F5#4-1._HANE-n48 
15.139410 15.278730 237.515763 E5b4-1._HANE-n49 
15.325170 15.464490 237.515763 E5b4-1._HANE-n50 
15.510930 15.557370 222.481232 D5-1._HANE-n51 
15.603810 15.975329 237.515763 D5-1._HANE-n52 
16.021769 16.207528 222.481232 D5-1._HANE-n53 
17.322086 17.600726 197.776679 C5-TESLIM-n1 
17.693605 17.740045 222.481232 D5-TESLIM-n2 
17.832925 17.925805 250.271664 E5-TESLIM-n3 
18.018685 18.204444 263.712628 F5-TESLIM-n4 
18.250884 18.390204 250.271664 E5-TESLIM-n5 
18.436644 18.575964 263.712628 F5-TESLIM-n6 
18.668844 18.947483 296.653330 G5-TESLIM-n7 
19.040363 19.133243 263.712628 F5-TESLIM-n8 
19.179683 19.319002 250.271664 E5-TESLIM-n9 
19.597642 19.829841 263.712628 F5-TESLIM-n10 
20.015601 20.294240 296.653330 G5-TESLIM-n11 
20.340680 20.433560 356.259608 B5b4-TESLIM-n12 
20.480000 20.619320 316.700161 A5b4-TESLIM-n13 
20.665760 20.712200 296.653330 G5-TESLIM-n14 
20.758639 20.805079 296.653330 G5-TESLIM-n15 
20.851519 20.897959 316.700161 A5b4-TESLIM-n16 
20.944399 20.990839 296.653330 G5-TESLIM-n17 
21.037279 21.083719 316.700161 A5b4-TESLIM-n18 
21.130159 21.176599 296.653330 G5-TESLIM-n19 
21.223039 21.269478 263.712628 F5-TESLIM-n20 
21.315918 21.687438 263.712628 F5-TESLIM-n21 
21.733878 21.826757 296.653330 G5-TESLIM-n22 
21.873197 22.012517 263.712628 F5-TESLIM-n23 
22.105397 22.384036 296.653330 G5-TESLIM-n24 
22.430476 22.709116 263.712628 F5-TESLIM-n25 
22.755556 22.801995 237.515763 E5b4-TESLIM-n26 
22.848435 23.173515 237.515763 E5b4-TESLIM-n27 
23.219955 23.498594 222.481232 D5-TESLIM-n28 
23.591474 23.730794 296.653330 G5-TESLIM-n29 
23.777234 24.148753 296.653330 G5-TESLIM-n30 
24.195193 24.473832 296.653330 G5-TESLIM-n31 
24.520272 24.613152 277.875445 F5#4-TESLIM-n32 
24.659592 24.798912 237.515763 E5b4-TESLIM-n33 
24.845351 24.938231 222.481232 D5-TESLIM-n34 
24.984671 25.123991 197.776679 C5-TESLIM-n35 
25.216871 26.192109 237.515763 E5b4-TESLIM-n36 
26.284989 26.284989 222.481232 D5-TESLIM-n37 
26.377868 26.563628 237.515763 E5b4-TESLIM-n38 
26.610068 26.795828 277.875445 F5#4-TESLIM-n39 
26.842268 26.888707 296.653330 G5-TESLIM-n40 
26.935147 27.028027 277.875445 F5#4-TESLIM-n41 
27.120907 27.399546 237.515763 E5b4-TESLIM-n42 
27.445986 27.724626 222.481232 D5-TESLIM-n43 
27.771066 27.771066 237.515763 E5b4-TESLIM-n44 
27.817506 27.863946 222.481232 D5-TESLIM-n45 
27.910385 28.096145 197.776679 C5-TESLIM-n46 
28.189025 29.117823 185.257596 B4b1-TESLIM-n47 
29.164263 29.210703 158.350081 A4b4-TESLIM-n48 
29.303583 29.442902 185.257596 B4b1-TESLIM-n49 
29.489342 30.278821 197.776679 C5-TESLIM-n50 
30.325261 30.371701 185.257596 B4b1-TESLIM-n51 
30.511020 30.789660 197.776679 C5-TESLIM-n52 
30.882540 30.882540 237.515763 E5b4-TESLIM-n53 
30.975420 31.161179 222.481232 D5-TESLIM-n54 
31.207619 31.254059 197.776679 C5-TESLIM-n55 
31.300499 31.393379 185.257596 B4b1-TESLIM-n56 
31.486259 31.764898 185.257596 B4b1-TESLIM-n57 
31.811338 31.904218 158.350081 A4b4-TESLIM-n58 
31.950658 32.089977 158.350081 A4b4-TESLIM-n59 
32.182857 32.415057 148.326665 G4-TESLIM-n60 
32.507937 33.622494 148.326665 G4-TESLIM-n61 
33.715374 33.715374 148.326665 G4-TESLIM-n62 
33.761814 34.086893 148.326665 G4-2._HANE-n1 
34.179773 34.458413 222.481232 D5-2._HANE-n2 
34.551293 34.876372 237.515763 E5b4-2._HANE-n3 
34.969252 35.247891 222.481232 D5-2._HANE-n4 
35.340771 35.480091 197.776679 C5-2._HANE-n5 
35.526531 35.572971 185.257596 B4b1-2._HANE-n6 
35.619410 35.665850 158.350081 A4b4-2._HANE-n7 
35.758730 35.898050 185.257596 B4b1-2._HANE-n8 
35.990930 36.037370 197.776679 C5-2._HANE-n9 
36.083810 36.130249 222.481232 D5-2._HANE-n10 
36.176689 36.269569 185.257596 B4b1-2._HANE-n11 
36.316009 36.501769 197.776679 C5-2._HANE-n12 
36.594649 37.244807 222.481232 D5-2._HANE-n13 
37.337687 37.709206 237.515763 E5b4-2._HANE-n14 
37.755646 37.802086 296.653330 G5-2._HANE-n15 
37.848526 37.894966 277.875445 F5#4-2._HANE-n16 
37.987846 38.312925 237.515763 E5b4-2._HANE-n17 
38.359365 38.545125 222.481232 D5-2._HANE-n18 
38.638005 38.684444 197.776679 C5-2._HANE-n19 
38.730884 38.777324 222.481232 D5-2._HANE-n20 
38.823764 39.055964 185.257596 B4b1-2._HANE-n21 
39.102404 39.148844 197.776679 C5-2._HANE-n22 
39.195283 39.288163 185.257596 B4b1-2._HANE-n23 
39.381043 39.520363 158.350081 A4b4-2._HANE-n24 
39.613243 39.752562 158.350081 A4b4-2._HANE-n25 
39.799002 39.984762 148.326665 G4-2._HANE-n26 
40.077642 40.681361 148.326665 G4-2._HANE-n27 
40.727800 40.960000 148.326665 G4-2._HANE-n28 
41.006440 41.842358 148.326665 G4-2._HANE-n29 
41.935238 41.981678 222.481232 D5-2._HANE-n30 
42.028118 42.353197 237.515763 E5b4-2._HANE-n31 
42.446077 42.817596 222.481232 D5-2._HANE-n32 
42.864036 43.049796 197.776679 C5-2._HANE-n33 
43.096236 43.281995 185.257596 B4b1-2._HANE-n34 
43.374875 43.653515 158.350081 A4b4-2._HANE-n35 
43.746395 43.978594 185.257596 B4b1-2._HANE-n36 
44.025034 44.303673 197.776679 C5-2._HANE-n37 
44.350113 44.489433 222.481232 D5-2._HANE-n38 
44.535873 44.675193 237.515763 E5b4-2._HANE-n39 
44.721633 44.860952 197.776679 C5-2._HANE-n40 
44.907392 45.046712 222.481232 D5-2._HANE-n41 
45.093152 45.232472 237.515763 E5b4-2._HANE-n42 
45.278912 45.325351 333.708700 A5-2._HANE-n43 
45.418231 45.464671 296.653330 G5-2._HANE-n44 
45.511111 45.557551 333.708700 G5-2._HANE-n45 
45.603991 45.743311 296.653330 F5#4-2._HANE-n46 
45.789751 45.975510 277.875445 E5b4-2._HANE-n47 
46.068390 46.068390 237.515763 F5#4-2._HANE-n48 
46.161270 46.207710 277.875445 E5b4-2._HANE-n49 
46.254150 46.300590 237.515763 E5b4-2._HANE-n50 
46.347029 46.393469 237.515763 D5-2._HANE-n51 
46.439909 46.764989 222.481232 D5-2._HANE-n52 
46.811429 46.950748 237.515763 D5-2._HANE-n53 
49.319184 49.412063 197.776679 C5-TESLIM-n1 
49.504943 49.737143 222.481232 D5-TESLIM-n2 
49.830023 49.876463 250.271664 E5-TESLIM-n3 
49.922902 50.015782 263.712628 F5-TESLIM-n4 
50.062222 50.108662 250.271664 E5-TESLIM-n5 
50.155102 50.294422 263.712628 F5-TESLIM-n6 
50.387302 50.619501 296.653330 G5-TESLIM-n7 
50.712381 50.851701 263.712628 F5-TESLIM-n8 
50.898141 51.037460 250.271664 E5-TESLIM-n9 
51.083900 51.130340 263.712628 F5-TESLIM-n10 
51.176780 51.316100 296.653330 G5-TESLIM-n11 
51.362540 51.594739 356.259608 B5b4-TESLIM-n12 
51.687619 51.734059 316.700161 A5b4-TESLIM-n13 
51.780499 51.919819 296.653330 G5-TESLIM-n14 
51.966259 52.198458 296.653330 G5-TESLIM-n15 
52.244898 52.291338 316.700161 A5b4-TESLIM-n16 
52.430658 52.523537 296.653330 G5-TESLIM-n17 
52.616417 52.755737 316.700161 A5b4-TESLIM-n18 
52.848617 53.127256 296.653330 G5-TESLIM-n19 
53.220136 53.498776 263.712628 F5-TESLIM-n20 
53.591655 53.730975 263.712628 F5-TESLIM-n21 
53.777415 53.963175 296.653330 G5-TESLIM-n22 
54.009615 54.056054 263.712628 F5-TESLIM-n23 
54.102494 54.148934 296.653330 G5-TESLIM-n24 
54.195374 54.334694 263.712628 F5-TESLIM-n25 
54.427574 54.474014 237.515763 E5b4-TESLIM-n26 
54.520454 54.938413 237.515763 E5b4-TESLIM-n27 
55.031293 55.449252 222.481232 D5-TESLIM-n28 
55.542132 55.774331 296.653330 G5-TESLIM-n29 
55.867211 56.006531 296.653330 G5-TESLIM-n30 
56.052971 56.099410 296.653330 G5-TESLIM-n31 
56.145850 56.192290 277.875445 F5#4-TESLIM-n32 
56.238730 56.470930 237.515763 E5b4-TESLIM-n33 
56.517370 56.563810 222.481232 D5-TESLIM-n34 
56.656689 57.028209 197.776679 C5-TESLIM-n35 
57.121088 57.771247 237.515763 E5b4-TESLIM-n36 
57.864127 57.957007 222.481232 D5-TESLIM-n37 
58.003447 58.235646 237.515763 E5b4-TESLIM-n38 
58.328526 58.560726 277.875445 F5#4-TESLIM-n39 
58.607166 58.653605 296.653330 G5-TESLIM-n40 
58.700045 58.746485 277.875445 F5#4-TESLIM-n41 
58.792925 59.118005 237.515763 E5b4-TESLIM-n42 
59.164444 59.396644 222.481232 D5-TESLIM-n43 
59.443084 59.489524 237.515763 E5b4-TESLIM-n44 
59.535964 59.582404 222.481232 D5-TESLIM-n45 
59.628844 59.675283 197.776679 C5-TESLIM-n46 
59.721723 60.696961 185.257596 B4b1-TESLIM-n47 
60.743401 60.789841 158.350081 A4b4-TESLIM-n48 
60.836281 60.882721 185.257596 B4b1-TESLIM-n49 
60.929161 61.579320 197.776679 C5-TESLIM-n50 
61.625760 61.672200 185.257596 B4b1-TESLIM-n51 
61.718639 61.904399 197.776679 C5-TESLIM-n52 
61.950839 61.997279 237.515763 E5b4-TESLIM-n53 
62.043719 62.090159 222.481232 D5-TESLIM-n54 
62.136599 62.183039 197.776679 C5-TESLIM-n55 
62.229478 62.368798 185.257596 B4b1-TESLIM-n56 
62.415238 62.415238 185.257596 B4b1-TESLIM-n57 
62.461678 62.554558 158.350081 A4b4-TESLIM-n58 
62.600998 62.600998 158.350081 A4b4-TESLIM-n59 
62.693878 62.833197 148.326665 G4-TESLIM-n60 
62.926077 63.529796 148.326665 G4-TESLIM-n61 
63.576236 63.715556 148.326665 G4-TESLIM-n62 
64.969433 65.155193 296.653330 G5-3._HANE-n1 
65.201633 65.294512 316.700161 A5b4-3._HANE-n2 
65.340952 65.480272 296.653330 G5-3._HANE-n3 
65.526712 65.619592 277.875445 F5#4-3._HANE-n4 
65.666032 65.805351 237.515763 E5b4-3._HANE-n5 
65.851791 65.944671 222.481232 D5-3._HANE-n6 
65.991111 66.130431 237.515763 E5b4-3._HANE-n7 
66.223311 66.501950 263.712628 F5-3._HANE-n8 
66.548390 66.687710 237.515763 E5b4-3._HANE-n9 
66.780590 66.873469 263.712628 F5-3._HANE-n10 
66.919909 67.012789 296.653330 G5-3._HANE-n11 
67.105669 67.198549 263.712628 F5-3._HANE-n12 
67.291429 68.498866 316.700161 A5b4-3._HANE-n13 
68.591746 68.963265 296.653330 G5-3._HANE-n14 
69.056145 69.056145 370.515191 B5b1-3._HANE-n15 
69.149025 69.427664 395.553358 C6-3._HANE-n16 
69.474104 69.706304 444.962464 D6-3._HANE-n17 
69.799184 70.031383 475.031526 E6b4-3._HANE-n18 
70.124263 70.263583 444.962464 D6-3._HANE-n19 
70.310023 70.356463 395.553358 C6-3._HANE-n20 
70.449342 70.588662 444.962464 D6-3._HANE-n21 
70.681542 71.053061 351.630691 B5b5-3._HANE-n22 
71.145941 71.424580 312.585244 A5b5-3._HANE-n23 
71.471020 71.703220 296.653330 G5-3._HANE-n24 
71.842540 72.121179 263.712628 F5-3._HANE-n25 
72.214059 72.724898 247.019860 E5b1-3._HANE-n26 
72.817778 73.375057 351.630691 B5b5-3._HANE-n27 
73.467937 73.793016 351.630691 B5b5-3._HANE-n28 
73.885896 73.932336 333.708700 A5-3._HANE-n29 
73.978776 74.303855 333.708700 A5-3._HANE-n30 
74.350295 74.721814 296.653330 G5-3._HANE-n31 
74.768254 75.046893 296.653330 G5-3._HANE-n32 
75.093333 75.093333 351.630691 B5b5-3._HANE-n33 
75.139773 75.186213 333.708700 A5-3._HANE-n34 
75.325533 75.464853 296.653330 G5-3._HANE-n35 
75.511293 75.604172 263.712628 F5-3._HANE-n36 
75.650612 75.697052 247.019860 E5b1-3._HANE-n37 
75.789932 75.975692 222.481232 D5-3._HANE-n38 
76.022132 76.161451 197.776679 C5-3._HANE-n39 
76.393651 76.672290 222.481232 D5-3._HANE-n40 
76.765170 77.322449 237.515763 E5b4-3._HANE-n41 
77.368889 77.368889 296.653330 G5-3._HANE-n42 
77.461769 77.879728 263.712628 F5-3._HANE-n43 
77.972608 78.111927 247.019860 E5b1-3._HANE-n44 
78.158367 78.204807 263.712628 F5-3._HANE-n45 
78.390567 78.437007 247.019860 E5b1-3._HANE-n46 
78.483447 78.715646 247.019860 E5b1-3._HANE-n47 
78.762086 78.808526 222.481232 D5-3._HANE-n48 
78.854966 79.272925 222.481232 D5-3._HANE-n49 
79.319365 79.551565 222.481232 D5-3._HANE-n50 
80.526803 80.805442 197.776679 C5-TESLIM-n1 
80.851882 80.851882 222.481232 D5-TESLIM-n2 
80.944762 80.991202 250.271664 E5-TESLIM-n3 
81.037642 81.269841 263.712628 F5-TESLIM-n4 
81.316281 81.316281 250.271664 E5-TESLIM-n5 
81.409161 81.548481 263.712628 F5-TESLIM-n6 
81.641361 81.873560 296.653330 G5-TESLIM-n7 
81.966440 82.059320 263.712628 F5-TESLIM-n8 
82.152200 82.337959 250.271664 E5-TESLIM-n9 
82.384399 82.430839 263.712628 F5-TESLIM-n10 
82.477279 82.523719 296.653330 G5-TESLIM-n11 
82.570159 82.755918 356.259608 B5b4-TESLIM-n12 
82.895238 83.034558 316.700161 A5b4-TESLIM-n13 
83.080998 83.266757 296.653330 G5-TESLIM-n14 
83.359637 83.498957 296.653330 G5-TESLIM-n15 
83.545397 83.591837 316.700161 A5b4-TESLIM-n16 
83.638277 84.056236 296.653330 G5-TESLIM-n17 
84.102676 84.102676 316.700161 A5b4-TESLIM-n18 
84.195556 84.427755 296.653330 G5-TESLIM-n19 
84.474195 84.659955 263.712628 F5-TESLIM-n20 
84.706395 84.752834 263.712628 F5-TESLIM-n21 
84.799274 85.031474 296.653330 G5-TESLIM-n22 
85.124354 85.356553 263.712628 F5-TESLIM-n23 
85.402993 85.495873 296.653330 G5-TESLIM-n24 
85.542313 85.913832 263.712628 F5-TESLIM-n25 
86.006712 86.053152 237.515763 E5b4-TESLIM-n26 
86.099592 86.656871 237.515763 E5b4-TESLIM-n27 
86.796190 86.935510 222.481232 D5-TESLIM-n28 
87.167710 87.632109 296.653330 G5-TESLIM-n29 
87.678549 87.957188 296.653330 G5-TESLIM-n30 
88.003628 88.050068 296.653330 G5-TESLIM-n31 
88.096508 88.142948 277.875445 F5#4-TESLIM-n32 
88.235828 88.468027 237.515763 E5b4-TESLIM-n33 
88.514467 88.793107 222.481232 D5-TESLIM-n34 
88.885986 88.885986 197.776679 C5-TESLIM-n35 
88.978866 89.675465 237.515763 E5b4-TESLIM-n36 
89.768345 89.907664 222.481232 D5-TESLIM-n37 
89.954104 90.093424 237.515763 E5b4-TESLIM-n38 
90.186304 90.418503 277.875445 F5#4-TESLIM-n39 
90.464943 90.511383 296.653330 G5-TESLIM-n40 
90.557823 90.650703 277.875445 F5#4-TESLIM-n41 
90.743583 90.836463 237.515763 E5b4-TESLIM-n42 
90.882902 90.929342 222.481232 D5-TESLIM-n43 
90.975782 91.022222 237.515763 E5b4-TESLIM-n44 
91.068662 91.207982 222.481232 D5-TESLIM-n45 
91.533061 91.579501 197.776679 C5-TESLIM-n46 
91.625941 92.136780 185.257596 B4b1-TESLIM-n47 
92.183220 92.322540 158.350081 A4b4-TESLIM-n48 
92.415420 92.647619 185.257596 B4b1-TESLIM-n49 
92.694059 93.204898 197.776679 C5-TESLIM-n50 
93.251338 93.344218 185.257596 B4b1-TESLIM-n51 
93.390658 93.483537 197.776679 C5-TESLIM-n52 
93.529977 93.669297 237.515763 E5b4-TESLIM-n53 
93.715737 93.762177 222.481232 D5-TESLIM-n54 
93.808617 93.901497 197.776679 C5-TESLIM-n55 
93.947937 94.040816 185.257596 B4b1-TESLIM-n56 
94.087256 94.133696 185.257596 B4b1-TESLIM-n57 
94.180136 94.551655 158.350081 A4b4-TESLIM-n58 
94.598095 94.644535 158.350081 A4b4-TESLIM-n59 
94.737415 95.062494 148.326665 G4-TESLIM-n60 
95.108934 95.666213 148.326665 G4-TESLIM-n61 
95.712653 96.130612 148.326665 G4-TESLIM-n62 
97.477370 97.848889 296.653330 G5-4._HANE-n1 
97.941769 98.034649 277.875445 F5#4-4._HANE-n2 
98.081088 98.173968 316.700161 A5b4-4._HANE-n3 
98.266848 98.870567 296.653330 G5-4._HANE-n4 
98.963447 99.381406 237.515763 E5b4-4._HANE-n5 
99.427846 99.474286 222.481232 D5-4._HANE-n6 
99.520726 99.706485 197.776679 C5-4._HANE-n7 
99.752925 100.031565 237.515763 E5b4-4._HANE-n8 
100.078005 101.146122 222.481232 D5-4._HANE-n9 
101.239002 101.331882 185.257596 B4b1-4._HANE-n10 
101.378322 101.471202 197.776679 C5-4._HANE-n11 
101.517642 101.610522 222.481232 D5-4._HANE-n12 
101.656961 101.749841 237.515763 E5b4-4._HANE-n13 
101.796281 101.889161 222.481232 D5-4._HANE-n14 
101.935601 102.028481 197.776679 C5-4._HANE-n15 
102.074921 102.446440 185.257596 B4b1-4._HANE-n16 
102.492880 102.492880 158.350081 A4b4-4._HANE-n17 
102.539320 102.585760 185.257596 B4b1-4._HANE-n18 
102.632200 102.725079 158.350081 A4b4-4._HANE-n19 
102.771519 103.003719 148.326665 G4-4._HANE-n20 
103.050159 103.932517 148.326665 G4-4._HANE-n21 
103.978957 104.396916 148.326665 G4-4._HANE-n22 
104.443356 104.489796 158.350081 A4b4-4._HANE-n23 
104.536236 104.768435 185.257596 B4b1-4._HANE-n24 
104.814875 104.861315 197.776679 C5-4._HANE-n25 
104.907755 105.418594 222.481232 D5-4._HANE-n26 
105.465034 105.511474 185.257596 B4b1-4._HANE-n27 
105.557914 105.790113 197.776679 C5-4._HANE-n28 
105.836553 105.929433 222.481232 D5-4._HANE-n29 
105.975873 106.208073 237.515763 E5b4-4._HANE-n30 
106.254512 106.347392 197.776679 C5-4._HANE-n31 
106.440272 106.765351 222.481232 D5-4._HANE-n32 
106.811791 106.858231 237.515763 E5b4-4._HANE-n33 
106.951111 107.183311 277.875445 F5#4-4._HANE-n34 
107.229751 107.322630 222.481232 D5-4._HANE-n35 
107.369070 107.601270 237.515763 E5b4-4._HANE-n36 
107.647710 107.787029 277.875445 F5#4-4._HANE-n37 
107.833469 108.204989 296.653330 G5-4._HANE-n38 
108.251429 108.576508 277.875445 F5#4-4._HANE-n39 
108.622948 108.622948 237.515763 E5b4-4._HANE-n40 
108.669388 108.808707 277.875445 F5#4-4._HANE-n41 
108.855147 109.644626 296.653330 G5-4._HANE-n42 
109.691066 109.783946 296.653330 G5-4._HANE-n43 
109.830385 109.969705 277.875445 F5#4-4._HANE-n44 
110.016145 110.109025 316.700161 A5b4-4._HANE-n45 
110.201905 110.944943 296.653330 G5-4._HANE-n46 
110.991383 110.991383 237.515763 E5b4-4._HANE-n47 
111.037823 111.316463 222.481232 D5-4._HANE-n48 
111.362902 111.502222 197.776679 C5-4._HANE-n49 
111.548662 111.548662 237.515763 E5b4-4._HANE-n50 
111.595102 112.523900 222.481232 D5-4._HANE-n51 
112.570340 112.756100 185.257596 B4b1-4._HANE-n52 
112.848980 112.848980 197.776679 C5-4._HANE-n53 
112.895420 112.941859 222.481232 D5-4._HANE-n54 
112.988299 113.313379 237.515763 E5b4-4._HANE-n55 
113.359819 113.359819 222.481232 D5-4._HANE-n56 
113.406259 113.452698 197.776679 C5-4._HANE-n57 
113.499138 113.917098 185.257596 B4b1-4._HANE-n58 
113.963537 114.288617 158.350081 A4b4-4._HANE-n59 
114.335057 114.335057 185.257596 B4b1-4._HANE-n60 
114.381497 114.427937 158.350081 A4b4-4._HANE-n61 
114.474376 114.706576 148.326665 G4-4._HANE-n62 
114.753016 116.424853 148.326665 G4-4._HANE-n63 
116.471293 116.564172 NaN F5-4._HANE-n64 
116.610612 116.796372 263.712628 G5-4._HANE-n65 
116.842812 117.075011 296.653330 G5-4._HANE-n66 
117.167891 117.260771 296.653330 G5-4._HANE-n67 
117.307211 117.307211 296.653330 A5-4._HANE-n68 
117.400091 117.446531 333.708700 G5-4._HANE-n69 
117.492971 117.632290 296.653330 F5-4._HANE-n70 
117.725170 118.003810 263.712628 G5-4._HANE-n71 
118.050249 118.328889 296.653330 A5-4._HANE-n72 
118.421769 118.886168 333.708700 G5-4._HANE-n73 
119.025488 119.164807 296.653330 F5-4._HANE-n74 
119.211247 119.536327 263.712628 E5b1-4._HANE-n75 
119.629206 119.861406 247.019860 D5-4._HANE-n76 
119.907846 119.907846 222.481232 E5b1-4._HANE-n77 
119.954286 120.000726 247.019860 D5-4._HANE-n78 
120.140045 120.325805 222.481232 C5-4._HANE-n79 
120.372245 120.558005 197.776679 D5-4._HANE-n80 
120.604444 120.883084 222.481232 E5b1-4._HANE-n81 
120.929524 121.254603 247.019860 F5-4._HANE-n82 
121.347483 121.626122 263.712628 G5-4._HANE-n83 
121.719002 122.090522 296.653330 A5-4._HANE-n84 
122.136961 122.229841 333.708700 B5b5-4._HANE-n85 
122.276281 122.322721 351.630691 A5-4._HANE-n86 
122.415601 122.554921 333.708700 G5-4._HANE-n87 
122.601361 122.601361 296.653330 A5-4._HANE-n88 
122.647800 122.880000 333.708700 G5-4._HANE-n89 
122.926440 123.065760 296.653330 F5-4._HANE-n90 
123.158639 123.251519 263.712628 F5-4._HANE-n91 
123.297959 123.483719 263.712628 E5b1-4._HANE-n92 
123.576599 124.087438 247.019860 F5-4._HANE-n93 
124.133878 124.412517 263.712628 F5-4._HANE-n94 
124.551837 125.248435 263.712628 F5-4._HANE-n95 
125.294875 125.387755 263.712628 F5-4._HANE-n96 
125.434195 125.527075 263.712628 G5-4._HANE-n97 
125.619955 125.666395 296.653330 F5-4._HANE-n98 
125.759274 125.852154 263.712628 E5b1-4._HANE-n99 
125.898594 126.920272 247.019860 E5b1-4._HANE-n100 
126.966712 127.291791 247.019860 E5b1-4._HANE-n101 
127.338231 127.756190 247.019860 E5b1-4._HANE-n102 
127.802630 127.895510 247.019860 E5b5-4._HANE-n103 
127.941950 128.313469 234.429697 D5-4._HANE-n104 
128.406349 128.545669 222.481232 G5-4._HANE-n105 
128.592109 128.592109 296.653330 F5#4-4._HANE-n106 
128.638549 128.917188 277.875445 E5b4-4._HANE-n107 
128.963628 129.102948 237.515763 D5-4._HANE-n108 
129.149388 129.242268 222.481232 C5-4._HANE-n109 
129.288707 129.335147 197.776679 B4b1-4._HANE-n110 
129.428027 130.031746 185.257596 C5-4._HANE-n111 
130.078186 130.960544 197.776679 C5-4._HANE-n112 
131.053424 131.285624 197.776679 F5-4._HANE-n113 
131.332063 131.564263 263.712628 G5-4._HANE-n114 
131.657143 132.028662 296.653330 G5-4._HANE-n115 
132.075102 132.167982 296.653330 G5-4._HANE-n116 
132.214422 132.214422 296.653330 A5-4._HANE-n117 
132.260862 132.493061 333.708700 G5-4._HANE-n118 
132.539501 132.632381 296.653330 F5-4._HANE-n119 
132.678821 132.725261 263.712628 E5b1-4._HANE-n120 
132.771701 132.864580 247.019860 D5#4-4._HANE-n121 
132.957460 133.421859 234.429697 E5b1-4._HANE-n122 
133.514739 134.072018 247.019860 F5-4._HANE-n123 
134.164898 134.443537 263.712628 G5-4._HANE-n124 
134.489977 134.582857 296.653330 F5-4._HANE-n125 
134.675737 134.815057 263.712628 E5b5-4._HANE-n126 
134.861497 135.047256 234.429697 D5-4._HANE-n127 
135.093696 135.465215 222.481232 C5-4._HANE-n128 
135.558095 135.558095 197.776679 D5-4._HANE-n129 
135.604535 135.790295 222.481232 E5b4-4._HANE-n130 
135.883175 136.022494 237.515763 D5-4._HANE-n131 
136.068934 136.115374 222.481232 C5-4._HANE-n132 
136.161814 136.254694 197.776679 B4b1-4._HANE-n133 
136.394014 136.719093 185.257596 A4b4-4._HANE-n134 
136.765533 136.858413 158.350081 B4b1-4._HANE-n135 
136.997732 137.601451 185.257596 C5-4._HANE-n136 
137.694331 137.694331 197.776679 D5-4._HANE-n137 
137.787211 137.833651 222.481232 B4b1-4._HANE-n138 
137.880091 138.065850 185.257596 A4b4-4._HANE-n139 
138.112290 138.158730 158.350081 A4b4-4._HANE-n140 
138.205170 138.251610 158.350081 G4-4._HANE-n141 
138.298050 138.576689 148.326665 G4-4._HANE-n142 
138.623129 139.087528 148.326665 G4-4._HANE-n143 
139.180408 139.412608 148.326665 G4-4._HANE-n144 
139.459048 139.505488 148.326665 F4#4-4._HANE-n145 
139.551927 139.644807 138.937723 E4b4-4._HANE-n146 
139.691247 139.877007 118.757881 F4#4-4._HANE-n147 
139.923447 140.341406 138.937723 G4-4._HANE-n148 
140.3414  140.5736 197.776679 F5-4._HANE-n113 
140.6200  140.8522 263.712628 G5-4._HANE-n114 
140.9451  141.3166 296.653330 G5-4._HANE-n115 
141.3631  141.4560 296.653330 G5-4._HANE-n116 
141.5024  141.5024 296.653330 A5-4._HANE-n117 
141.5488  141.7810 333.708700 G5-4._HANE-n118 
141.8275  141.9204 296.653330 F5-4._HANE-n119 
141.9668  142.0132 263.712628 E5b1-4._HANE-n120 
142.0597  142.1526 247.019860 D5#4-4._HANE-n121 
142.2454  142.7098 234.429697 E5b1-4._HANE-n122 
142.8027  143.3600 247.019860 F5-4._HANE-n123 
143.4529  143.7315 263.712628 G5-4._HANE-n124 
143.7780  143.8708 296.653330 F5-4._HANE-n125 
143.9637  144.1030 263.712628 E5b5-4._HANE-n126 
144.1495  144.3352 234.429697 D5-4._HANE-n127 
144.3817  144.7532 222.481232 C5-4._HANE-n128 
144.8461  144.8461 197.776679 D5-4._HANE-n129 
144.8925  145.0783 222.481232 E5b4-4._HANE-n130 
145.1712  145.3105 237.515763 D5-4._HANE-n131 
145.3569  145.4034 222.481232 C5-4._HANE-n132 
145.4498  145.5427 197.776679 B4b1-4._HANE-n133 
145.6820  146.0071 185.257596 A4b4-4._HANE-n134 
146.0535  146.1464 158.350081 B4b1-4._HANE-n135 
146.2857  146.8894 185.257596 C5-4._HANE-n136 
146.9823  146.9823 197.776679 D5-4._HANE-n137 
147.0752  147.1216 222.481232 B4b1-4._HANE-n138 
147.1681  147.3538 185.257596 A4b4-4._HANE-n139 
147.4003  147.4467 158.350081 A4b4-4._HANE-n140 
147.4932  147.5396 158.350081 G4-4._HANE-n141 
147.5860  147.8647 148.326665 G4-4._HANE-n142 
147.9111  148.3755 148.326665 G4-4._HANE-n143 
148.4684  148.7006 148.326665 G4-4._HANE-n144 
148.7470  148.7935 148.326665 F4#4-4._HANE-n145 
148.8399  148.9328 138.937723 E4b4-4._HANE-n146 
148.9792  149.1650 118.757881 F4#4-4._HANE-n147 
149.2114  149.6294 138.937723 G4-4._HANE-n148 
151.161905 151.347664 197.776679 C5-TESLIM-n1 
151.394104 151.579864 222.481232 D5-TESLIM-n2 
151.626304 151.672744 250.271664 E5-TESLIM-n3 
151.719184 151.951383 263.712628 F5-TESLIM-n4 
152.044263 152.137143 250.271664 E5-TESLIM-n5 
152.230023 152.508662 263.712628 F5-TESLIM-n6 
152.601542 152.973061 296.653330 G5-TESLIM-n7 
153.019501 153.112381 263.712628 F5-TESLIM-n8 
153.251701 153.483900 250.271664 E5-TESLIM-n9 
153.576780 153.901859 263.712628 F5-TESLIM-n10 
153.994739 154.134059 296.653330 G5-TESLIM-n11 
154.180499 154.226939 356.259608 B5b4-TESLIM-n12 
154.273379 154.459138 316.700161 A5b4-TESLIM-n13 
154.505578 154.830658 296.653330 G5-TESLIM-n14 
154.923537 155.295057 296.653330 G5-TESLIM-n15 
155.341497 155.387937 316.700161 A5b4-TESLIM-n16 
155.434376 155.666576 296.653330 G5-TESLIM-n17 
155.713016 155.759456 316.700161 A5b4-TESLIM-n18 
155.852336 156.130975 296.653330 G5-TESLIM-n19 
156.177415 156.409615 263.712628 F5-TESLIM-n20 
156.456054 156.456054 263.712628 F5-TESLIM-n21 
156.502494 156.595374 296.653330 G5-TESLIM-n22 
156.641814 156.827574 263.712628 F5-TESLIM-n23 
156.920454 157.152653 296.653330 G5-TESLIM-n24 
157.245533 157.338413 263.712628 F5-TESLIM-n25 
157.431293 157.663492 237.515763 E5b4-TESLIM-n26 
157.709932 158.267211 237.515763 E5b4-TESLIM-n27 
158.360091 158.685170 222.481232 D5-TESLIM-n28 
158.778050 159.010249 296.653330 G5-TESLIM-n29 
159.056689 159.474649 296.653330 G5-TESLIM-n30 
159.567528 159.799728 296.653330 G5-TESLIM-n31 
159.846168 159.985488 277.875445 F5#4-TESLIM-n32 
160.031927 160.171247 237.515763 E5b4-TESLIM-n33 
160.264127 160.357007 222.481232 D5-TESLIM-n34 
160.403447 160.589206 197.776679 C5-TESLIM-n35 
160.682086 161.703764 237.515763 E5b4-TESLIM-n36 
161.796644 161.982404 222.481232 D5-TESLIM-n37 
162.075283 162.261043 237.515763 E5b4-TESLIM-n38 
162.307483 162.353923 277.875445 F5#4-TESLIM-n39 
162.400363 162.493243 296.653330 G5-TESLIM-n40 
162.586122 162.864762 277.875445 F5#4-TESLIM-n41 
162.957642 163.050522 237.515763 E5b4-TESLIM-n42 
163.096961 163.236281 222.481232 D5-TESLIM-n43 
163.329161 163.607800 237.515763 E5b4-TESLIM-n44 
163.654240 163.747120 222.481232 D5-TESLIM-n45 
163.793560 163.979320 197.776679 C5-TESLIM-n46 
164.025760 164.908118 185.257596 B4b1-TESLIM-n47 
164.954558 165.233197 158.350081 A4b4-TESLIM-n48 
165.279637 165.326077 185.257596 B4b1-TESLIM-n49 
165.372517 166.115556 197.776679 C5-TESLIM-n50 
166.208435 166.301315 185.257596 B4b1-TESLIM-n51 
166.394195 166.719274 197.776679 C5-TESLIM-n52 
166.765714 166.765714 237.515763 E5b4-TESLIM-n53 
166.812154 166.997914 222.481232 D5-TESLIM-n54 
167.044354 167.230113 197.776679 C5-TESLIM-n55 
167.276553 167.555193 185.257596 B4b1-TESLIM-n56 
167.601633 168.066032 185.257596 B4b1-TESLIM-n57 
168.112472 168.158912 158.350081 A4b4-TESLIM-n58 
168.205351 168.298231 158.350081 A4b4-TESLIM-n59 
168.344671 168.576871 148.326665 G4-TESLIM-n60 
168.623311 168.809070 148.326665 G4-TESLIM-n61 
168.855510 168.855510 148.326665 G4-TESLIM-n62 
169.505669 169.598549 197.776679 C5-TESLIM-n1 
169.644989 169.691429 222.481232 D5-TESLIM-n2 
169.737868 170.016508 250.271664 E5-TESLIM-n3 
170.109388 170.248707 263.712628 F5-TESLIM-n4 
170.295147 170.388027 250.271664 E5-TESLIM-n5 
170.434467 170.527347 263.712628 F5-TESLIM-n6 
170.620227 170.805986 296.653330 G5-TESLIM-n7 
170.898866 171.038186 263.712628 F5-TESLIM-n8 
171.084626 171.223946 250.271664 E5-TESLIM-n9 
171.270385 171.316825 263.712628 F5-TESLIM-n10 
171.409705 171.549025 296.653330 G5-TESLIM-n11 
171.595465 171.641905 356.259608 B5b4-TESLIM-n12 
171.734785 171.781224 316.700161 A5b4-TESLIM-n13 
171.827664 171.966984 296.653330 G5-TESLIM-n14 
172.013424 172.106304 296.653330 G5-TESLIM-n15 
172.152744 172.199184 316.700161 A5b4-TESLIM-n16 
172.245624 172.477823 296.653330 G5-TESLIM-n17 
172.524263 172.663583 316.700161 A5b4-TESLIM-n18 
172.710023 172.756463 296.653330 G5-TESLIM-n19 
172.802902 172.849342 263.712628 F5-TESLIM-n20 
172.942222 173.174422 263.712628 F5-TESLIM-n21 
173.220862 173.267302 296.653330 G5-TESLIM-n22 
173.313741 173.406621 263.712628 F5-TESLIM-n23 
173.545941 173.778141 296.653330 G5-TESLIM-n24 
173.824580 173.824580 263.712628 F5-TESLIM-n25 
173.871020 173.917460 237.515763 E5b4-TESLIM-n26 
174.010340 174.474739 237.515763 E5b4-TESLIM-n27 
174.567619 174.799819 222.481232 D5-TESLIM-n28 
174.892698 175.032018 296.653330 G5-TESLIM-n29 
175.078458 175.217778 296.653330 G5-TESLIM-n30 
175.264218 175.310658 296.653330 G5-TESLIM-n31 
175.357098 175.449977 277.875445 F5#4-TESLIM-n32 
175.496417 175.635737 237.515763 E5b4-TESLIM-n33 
175.682177 175.775057 222.481232 D5-TESLIM-n34 
175.821497 176.053696 197.776679 C5-TESLIM-n35 
176.100136 176.703855 237.515763 E5b4-TESLIM-n36 
176.750295 176.889615 222.481232 D5-TESLIM-n37 
176.936054 177.121814 237.515763 E5b4-TESLIM-n38 
177.168254 177.168254 277.875445 F5#4-TESLIM-n39 
177.214694 177.446893 296.653330 G5-TESLIM-n40 
177.493333 177.539773 277.875445 F5#4-TESLIM-n41 
177.586213 177.725533 237.515763 E5b4-TESLIM-n42 
177.818413 178.097052 222.481232 D5-TESLIM-n43 
178.143492 178.236372 237.515763 E5b4-TESLIM-n44 
178.282812 178.329252 222.481232 D5-TESLIM-n45 
178.375692 179.072290 197.776679 C5-TESLIM-n46 
179.165170 179.165170 185.257596 B4b1-TESLIM-n47 
179.258050 179.397370 158.350081 A4b4-TESLIM-n48 
179.443810 179.490249 185.257596 B4b1-TESLIM-n49 
179.536689 180.326168 197.776679 C5-TESLIM-n50 
180.419048 180.697687 185.257596 B4b1-TESLIM-n51 
180.790567 181.069206 197.776679 C5-TESLIM-n52 
181.162086 181.626485 237.515763 E5b4-TESLIM-n53 
181.765805 181.812245 222.481232 D5-TESLIM-n54 
181.858685 181.858685 197.776679 C5-TESLIM-n55 
181.905125 181.951565 185.257596 B4b1-TESLIM-n56 
181.998005 182.183764 185.257596 B4b1-TESLIM-n57 
182.276644 182.415964 158.350081 A4b4-TESLIM-n58 
182.462404 182.462404 158.350081 A4b4-TESLIM-n59 
182.555283 182.601723 148.326665 G4-TESLIM-n60 
182.648163 183.344762 148.326665 G4-TESLIM-n61 
183.437642 183.576961 148.326665 G4-TESLIM-n62 
