2.275555556	2.3219954650000001	146.74758911132812	192.0
2.3684353740000001	2.786394558	146.32438659667969	193.0
2.8792743760000001	3.0185941039999999	215.59696960449219	194.0
3.1114739230000001	3.4365532879999998	193.97044372558594	195.0
3.4829931969999999	3.9938321999999999	217.47308349609375	196.0
4.040272109	4.4117913829999997	219.11225891113284	197.0
4.5046712019999999	4.59755102	245.23590087890628	198.0
4.6439909300000002	4.8297505669999996	261.248046875	199.0
4.9226303849999997	5.1548299320000002	252.42185974121091	200.0
5.2012698410000002	5.3405895689999996	222.95063781738281	201.0
5.4334693879999998	5.572789116	195.43250274658203	203.0
5.6656689340000002	5.7585487530000004	182.66119384765625	204.0
5.8514285709999996	5.9443083899999998	188.61184692382812	205.0
5.9907482989999998	6.083628118	184.57026672363281	206.0
6.1300680270000001	6.2693877550000003	146.40892028808594	207.0
6.3622675739999996	6.548027211	144.97828674316406	208.0
6.6409070290000001	6.7802267570000003	164.19630432128906	209.0
6.8266666669999996	6.9195464849999997	183.50721740722656	210.0
7.0124263039999999	7.2910657600000004	208.61412048339841	211.0
7.3375056689999996	7.4303854879999998	180.61531829833984	212.0
7.5232653059999999	7.6625850340000001	166.82518005371094	213.0
7.7554648530000003	8.1269841270000001	184.35716247558594	214.0
8.2198639460000003	8.4985034010000007	197.81752014160156	215.0
8.5913832200000009	9.4737414970000007	221.40229797363281	216.0
9.5201814060000007	9.7988208619999995	232.07440185546875	218.0
9.8452607709999995	9.9845804989999998	219.23918151855469	219.0
10.07746032	10.26321995	177.563720703125	220.0
10.30965986	10.35609977	173.10775756835938	221.0
10.44897959	10.588299320000001	147.08705139160153	222.0
10.634739229999999	10.913378679999999	145.6497802734375	223.0
10.959818589999999	11.09913832	164.05393981933591	224.0
11.19201814	11.33133787	181.81907653808594	225.0
11.377777780000001	11.517097509999999	197.01931762695312	226.0
11.656417230000001	11.842176869999999	180.56318664550781	227.0
11.88861678	12.02793651	166.82514953613281	228.0
12.12081633	12.39945578	182.23965454101562	229.0
12.492335600000001	12.77097506	194.86885070800781	230.0
12.86385488	13.60689342	222.17094421386719	231.0
13.653333330000001	13.699773240000001	195.09423065185547	232.0
13.746213150000001	13.792653059999999	184.89041137695312	233.0
13.88553288	14.02485261	190.58317565917972	235.0
14.11773243	14.21061224	194.30686950683594	236.0
14.30349206	14.489251700000001	221.14666748046872	237.0
14.582131520000001	14.675011339999999	218.73289489746094	238.0
14.76789116	14.86077098	218.29114532470703	240.0
15.000090699999999	15.18585034	219.68254089355469	243.0
15.27873016	15.696689340000001	222.68486022949222	244.0
15.789569159999999	16.02176871	235.65400695800781	245.0
16.06820862	16.11464853	250.82376098632812	246.0
16.16108844	16.25396825	242.69934082031247	247.0
16.34684807	16.4861678	219.4923095703125	248.0
16.532607710000001	16.811247170000001	218.92250061035156	250.0
16.904126980000001	17.136326530000002	194.86885070800781	251.0
17.182766440000002	17.368526079999999	195.3196105957031	252.0
17.461405899999999	17.647165529999999	235.92639160156247	253.0
17.693605439999999	17.879365079999999	224.2337646484375	254.0
17.92580499	18.06512472	203.67304229736328	255.0
18.15800454	18.25088435	175.72712707519531	256.0
18.29732426	18.39020408	189.32210540771484	257.0
18.43664399	18.529523810000001	165.19502258300781	258.0
18.622403630000001	19.365442179999999	174.51329040527341	259.0
19.411882089999999	19.551201809999998	162.16961669921875	260.0
19.597641719999999	19.736961449999999	176.64303588867188	261.0
19.829841269999999	19.969161	199.13593292236328	262.0
20.06204082	20.24780045	165.29046630859375	263.0
20.29424036	20.43356009	177.05175018310547	264.0
20.526439910000001	20.665759640000001	197.64627075195312	265.0
20.712199550000001	20.944399090000001	243.40129089355469	266.0
21.037278910000001	21.176598640000002	217.72445678710938	267.0
21.223038549999998	21.548117909999998	174.71501159667969	268.0
21.640997729999999	21.687437639999999	164.38594055175781	270.0
21.733877549999999	21.826757369999999	187.03871154785156	271.0
21.873197279999999	21.9660771	201.10288238525391	272.0
22.01251701	22.19827664	168.861083984375	273.0
22.24471655	22.38403628	147.214599609375	275.0
22.43047619	22.4769161	146.57817077636719	276.0
22.569795920000001	22.662675740000001	192.85405731201172	277.0
22.709115650000001	22.801995460000001	188.23091125488281	278.0
23.034195010000001	23.127074830000002	129.60939025878906	280.0
23.173514740000002	23.359274379999999	146.83238220214844	281.0
23.405714289999999	23.452154199999999	146.49351501464844	282.0
23.498594099999998	23.870113379999999	129.83418273925781	283.0
23.9629932	24.38095238	144.89456176757812	284.0
24.4738322	24.659591840000001	131.91301727294922	285.0
24.706031750000001	24.752471660000001	131.15325164794922	286.0
24.845351470000001	25.123990930000001	118.64655303955078	287.0
25.170430840000002	25.216870749999998	139.15281677246094	288.0
25.309750569999999	25.495510199999998	128.93734741210938	289.0
25.634829929999999	25.820589569999999	118.78369903564453	290.0
26.00634921	26.4707483	110.70114898681639	293.0
26.563628120000001	26.656507940000001	194.47529602050781	294.0
26.702947850000001	26.749387760000001	184.09151458740234	295.0
26.842267570000001	26.935147390000001	185.53276824951172	297.0
27.028027210000001	27.120907030000001	195.99771118164062	298.0
28.653424040000001	28.932063490000001	234.56756591796875	307.0
28.978503400000001	29.024943310000001	248.30094909667969	308.0
29.071383220000001	29.257142859999998	230.33818054199219	309.0
29.303582769999998	29.535782309999998	220.89134216308594	310.0
29.628662129999999	29.9537415	228.94538879394531	312.0
30.04662132	30.139501129999999	194.30686950683594	313.0
30.185941039999999	30.32526077	195.3196105957031	314.0
30.41814059	30.51102041	224.55780792236328	315.0
30.603900230000001	30.836099770000001	223.32893371582028	316.0
30.882539680000001	31.021859410000001	223.39345550537109	317.0
31.114739230000001	31.300498869999998	175.77789306640625	318.0
31.393378680000001	31.486258500000002	164.24359893798828	320.0
31.579138319999998	32.32217687	173.25778961181641	321.0
32.368616780000004	32.50793651	162.07597351074219	322.0
32.554376419999997	32.647256239999997	175.01802062988281	323.0
32.740136049999997	32.925895689999997	202.90956115722656	324.0
33.018775509999998	33.204535149999998	163.48634338378906	325.0
33.250975060000002	33.436734690000002	173.40797424316403	326.0
33.483174599999998	33.576054419999998	194.98147583007812	327.0
33.668934239999999	33.9475737	234.9743957519531	328.0
33.994013610000003	34.179773240000003	197.24702453613281	329.0
34.22621315	34.41197279	174.71501159667969	330.0
34.458412699999997	34.50485261	170.67521667480469	331.0
34.644172339999997	34.78349206	179.10887145996091	333.0
34.829931969999997	34.876371880000001	198.84976959228516	334.0
34.969251700000001	35.062131520000001	164.90901184082031	335.0
35.201451249999998	35.294331069999998	145.73393249511719	337.0
35.387210879999998	35.433650790000002	146.79175567626953	338.0
35.619410430000002	35.758730159999999	184.03797912597656	340.0
35.805170070000003	35.898049890000003	175.11988067626953	341.0
35.990929710000003	36.083809520000003	129.9842529296875	342.0
36.130249429999999	36.22312925	146.83240509033203	343.0
36.31600907	36.50176871	165.29046630859375	344.0
36.641088439999997	36.873287980000001	129.38497924804688	345.0
36.966167800000001	37.244807260000002	146.15544128417969	346.0
37.337687070000001	37.523446710000002	130.88836669921875	347.0
37.569886619999998	37.709206350000002	129.5345458984375	348.0
37.802086170000003	38.173605440000003	119.88658142089844	349.0
38.266485260000003	38.31292517	148.06764984130859	350.0
38.40580499	38.68444444	114.67123413085938	352.0
38.77732426	38.823764169999997	110.25446701049805	354.0
38.916643989999997	39.613242630000002	110.06356048583984	355.0
39.659682539999999	39.706122450000002	131.00209045410156	356.0
39.752562359999999	39.845442179999999	130.13450622558594	357.0
39.938321999999999	40.124081629999999	165.48152160644531	358.0
41.238639460000002	41.563718819999998	110.0	361.0
41.610158730000002	41.842358279999999	144.81089782714844	362.0
41.935238099999999	42.213877549999999	262.23074340820312	363.0
42.30675737	42.724716549999997	145.1458740234375	364.0
42.77115646	42.817596369999997	142.48764038085938	365.0
42.864036280000001	43.467755099999998	118.57804107666016	366.0
43.560634919999998	44.071473920000003	130.32256317138672	367.0
44.210793649999999	44.48943311	118.71510314941408	370.0
44.582312930000001	44.628752830000003	109.24017333984374	371.0
44.67519274	45.093151929999998	109.61943054199217	372.0
45.139591840000001	45.511111110000002	108.485595703125	373.0
45.557551019999998	45.650430839999999	118.85233306884766	374.0
45.743310659999999	45.929070289999999	131.26693725585938	375.0
45.975510200000002	46.114829929999999	145.73415374755859	376.0
46.207709749999999	46.39346939	164.81378173828128	377.0
46.439909299999997	46.57922902	180.35467529296875	378.0
46.625668930000003	46.811428569999997	205.44828033447266	379.0
46.904308389999997	47.090068029999998	185.31806945800781	380.0
47.182947849999998	47.322267570000001	192.63059997558594	381.0
47.415147390000001	48.343945580000003	220.89134216308594	382.0
48.39038549	48.715464849999996	239.63470458984375	384.0
48.76190476	48.901224489999997	210.79444885253906	385.0
48.994104309999997	49.272743759999997	174.00999450683594	386.0
49.365623579999998	49.597823130000002	147.25706481933594	388.0
49.644263039999998	49.876462590000003	143.06494140625	389.0
49.969342400000002	50.062222220000002	162.40397644042969	390.0
50.155102040000003	50.29442177	182.34494018554688	391.0
50.340861680000003	50.57306122	199.65422058105469	392.0
50.619501130000003	50.712380949999996	182.13441467285156	393.0
50.805260769999997	50.944580500000001	163.67532348632812	394.0
51.037460320000001	51.269659859999997	184.14431762695312	395.0
51.316099770000001	51.641179139999998	194.9814453125	396.0
51.734058959999999	52.616417230000003	220.89134216308594	397.0
52.66285714	52.709297050000004	188.17655944824219	398.0
52.75573696	52.802176869999997	183.34830474853516	399.0
52.941496600000001	53.034376420000001	196.28096008300781	402.0
54.56689342	54.84553288	236.47213745117185	245.0
54.891972789999997	54.938412700000001	259.89353942871094	246.0
54.984852609999997	55.124172340000001	240.60575103759766	247.0
55.170612239999997	55.402811790000001	220.38156127929685	248.0
55.495691610000002	55.774331070000002	230.93782806396484	250.0
55.820770979999999	55.867210880000002	193.41104125976562	251.0
55.913650789999998	56.238730160000003	194.30686950683594	252.0
56.331609980000003	56.424489800000003	225.72830963134766	253.0
56.517369610000003	56.74956916	226.44648742675778	254.0
56.796009069999997	56.981768709999997	215.22367858886719	255.0
57.028208620000001	57.074648529999997	175.42314147949219	256.0
57.121088440000001	57.213968250000001	189.43070983886719	257.0
57.306848070000001	57.399727890000001	166.29601287841797	258.0
57.446167799999998	58.142766440000003	172.21014404296875	259.0
58.282086169999999	58.37496599	162.63865661621094	260.0
58.467845799999999	58.560725619999999	176.74510192871094	261.0
58.65360544	58.885804989999997	198.16061401367188	262.0
58.978684809999997	59.071564629999997	162.73262023925781	263.0
59.118004540000001	59.303764170000001	177.461181640625	264.0
59.396643990000001	59.489523810000001	196.11096191406247	265.0
59.582403630000002	59.814603169999998	242.41912841796875	266.0
59.907482989999998	60.046802720000002	220.44544982910156	267.0
60.093242629999999	60.325442180000003	174.41250610351562	268.0
60.418322000000003	60.464761899999999	176.13360595703122	269.0
60.511201810000003	60.557641719999999	165.05278778076172	270.0
60.65052154	60.696961450000003	174.26152038574219	271.0
60.74340136	60.83628118	202.20755004882812	272.0
60.929161000000001	61.068480729999997	167.79226684570312	273.0
61.11492063	61.300680270000001	145.77603912353516	275.0
61.393560090000001	61.532879819999998	147.51246643066406	276.0
61.579319730000002	61.765079370000002	173.40982055664062	278.0
61.857959180000002	61.950839000000002	129.16096496582031	280.0
62.043718820000002	62.183038549999999	148.45271301269528	281.0
62.229478460000003	62.415238100000003	165.14732360839844	282.0
62.508117910000003	62.786757369999997	130.05935668945312	283.0
62.83319728	63.158276639999997	145.90238952636719	284.0
63.251156459999997	63.483356010000001	130.9639892578125	285.0
63.529795919999998	63.669115650000002	127.78810501098633	286.0
63.761995460000001	63.994195009999999	118.71510314941408	287.0
64.087074830000006	64.179954649999999	120.72118377685547	289.0
64.272834470000006	64.36571429	113.48522567749023	290.0
64.412154200000003	64.458594099999999	114.8701171875	291.0
64.551473920000007	64.597913829999996	108.8311653137207	292.0
64.64435374	65.201632649999993	109.17709350585936	293.0
65.248072559999997	65.573151929999995	194.08251953125	294.0
