0.510839 1.439637 333.463297 A4-1._HANE-n1 
1.532517 1.996916 296.435177 G4-1._HANE-n2 
2.089796 3.111474 333.463297 A4-1._HANE-n3 
3.157914 3.250794 444.635247 D5-1._HANE-n4 
3.343673 3.482993 395.262475 C5-1._HANE-n5 
3.668753 3.854512 370.242721 B4b1-1._HANE-n6 
3.900952 3.993832 333.463297 A4-1._HANE-n7 
4.226032 5.712109 296.435177 G4-1._HANE-n8 
5.804989 6.176508 333.463297 A4-1._HANE-n9 
6.269388 6.780227 370.242721 B4b1-1._HANE-n10 
6.873107 7.244626 444.635247 D5-1._HANE-n11 
7.337506 8.080544 395.262475 C5-1._HANE-n12 
8.126984 8.312744 370.242721 B4b1-1._HANE-n13 
8.359184 8.544943 370.242721 B4b1-1._HANE-n14 
8.591383 8.962902 395.262475 C5-1._HANE-n15 
9.009342 9.102222 370.242721 B4b1-1._HANE-n16 
9.195102 9.520181 333.463297 A4-1._HANE-n17 
9.566621 10.448980 333.463297 A4-1._HANE-n18 
10.541859 10.448980 NaN Rest-1._HANE-n19 
10.541859 11.424218 444.635247 D5-1._HANE-n20 
11.470658 11.935057 444.635247 D5-1._HANE-n21 
12.027937 13.699773 444.635247 D5-1._HANE-n22 
13.839093 13.839093 444.635247 D5-1._HANE-n23 
13.931973 14.024853 500.175239 E5-1._HANE-n24 
14.117732 14.396372 527.037398 F5-1._HANE-n25 
14.489252 14.489252 500.175239 E5-1._HANE-n26 
14.582132 14.767891 444.635247 D5-1._HANE-n27 
14.814331 14.953651 395.262475 C5-1._HANE-n28 
15.000091 15.325170 370.242721 B4b1-1._HANE-n29 
15.371610 15.928889 333.463297 A4-1._HANE-n30 
16.021769 16.253968 370.242721 B4b1-1._HANE-n31 
16.346848 17.229206 395.262475 C5-1._HANE-n32 
17.414966 17.554286 370.242721 B4b1-1._HANE-n33 
17.647166 17.832925 395.262475 C5-1._HANE-n34 
17.879365 18.018685 444.635247 D5-1._HANE-n35 
18.111565 18.436644 500.175239 E5-1._HANE-n36 
18.483084 18.529524 444.635247 D5-1._HANE-n37 
18.575964 18.854603 395.262475 C5-1._HANE-n38 
18.947483 19.226122 370.242721 B4b1-1._HANE-n39 
19.272562 19.365442 333.463297 A4-1._HANE-n40 
19.458322 19.829841 296.435177 G4-1._HANE-n41 
19.922721 20.108481 333.463297 A4-1._HANE-n42 
20.154921 21.315918 370.242721 B4b1-1._HANE-n43 
21.408798 22.337596 333.463297 A4-1._HANE-n44 
22.430476 22.894875 370.242721 B4b1-1._HANE-n45 
22.941315 23.312834 395.262475 C5-1._HANE-n46 
23.359274 23.777234 444.635247 D5-1._HANE-n47 
23.870113 24.334512 500.175239 E5-1._HANE-n48 
24.473832 24.938231 527.037398 F5-1._HANE-n49 
24.984671 25.356190 500.175239 E5-1._HANE-n50 
25.449070 25.867029 444.635247 D5-1._HANE-n51 
25.959909 26.377868 395.262475 C5-1._HANE-n52 
26.424308 26.842268 370.242721 B4b1-1._HANE-n53 
26.888707 27.910385 395.262475 C5-1._HANE-n54 
28.003265 28.189025 370.242721 B4b1-1._HANE-n55 
28.281905 28.560544 395.262475 C5-1._HANE-n56 
28.606984 28.746304 500.175239 E5-1._HANE-n57 
28.792744 28.885624 444.635247 D5-1._HANE-n58 
28.978503 29.257143 395.262475 C5-1._HANE-n59 
29.303583 29.350023 370.242721 B4b1-1._HANE-n60 
29.396463 30.046621 370.242721 B4b1-1._HANE-n61 
30.139501 30.139501 333.463297 A4-1._HANE-n62 
30.185941 30.418141 296.435177 G4-1._HANE-n63 
30.464580 30.975420 333.463297 A4-1._HANE-n64 
31.021859 31.068299 592.870354 G5-1._HANE-n65 
31.114739 31.254059 666.926594 A5-1._HANE-n66 
32.089977 32.182857 592.870354 G5-MULAZIME-n1 
32.275737 32.461497 527.037398 F5-MULAZIME-n2 
32.507937 33.065215 500.175239 E5-MULAZIME-n3 
33.111655 33.204535 527.037398 F5-MULAZIME-n4 
33.297415 33.576054 592.870354 G5-MULAZIME-n5 
33.622494 33.761814 527.037398 F5-MULAZIME-n6 
33.808254 33.947574 500.175239 E5-MULAZIME-n7 
34.133333 35.062132 444.635247 D5-MULAZIME-n8 
35.108571 35.062132 NaN Rest-MULAZIME-n9 
35.108571 35.201451 500.175239 E5-MULAZIME-n10 
35.294331 35.572971 527.037398 F5-MULAZIME-n11 
35.665850 35.990930 500.175239 E5-MULAZIME-n12 
36.037370 36.037370 444.635247 D5-MULAZIME-n13 
36.223129 36.641088 395.262475 C5-MULAZIME-n14 
36.687528 36.826848 444.635247 D5-MULAZIME-n15 
36.919728 37.059048 500.175239 E5-MULAZIME-n16 
37.105488 37.337687 444.635247 D5-MULAZIME-n17 
37.384127 37.477007 395.262475 C5-MULAZIME-n18 
37.523447 37.709206 395.262475 C5-MULAZIME-n19 
37.848526 38.080726 370.242721 B4b1-MULAZIME-n20 
38.173605 38.359365 370.242721 B4b1-MULAZIME-n21 
38.452245 38.638005 333.463297 A4-MULAZIME-n22 
38.684444 39.659683 370.242721 B4b1-MULAZIME-n23 
39.752562 39.659683 NaN Rest-MULAZIME-n24 
39.752562 40.309841 333.463297 A4-MULAZIME-n25 
40.402721 40.727800 370.242721 B4b1-MULAZIME-n26 
40.774240 40.913560 395.262475 C5-MULAZIME-n27 
41.052880 41.377959 444.635247 D5-MULAZIME-n28 
41.470839 41.470839 395.262475 C5-MULAZIME-n29 
41.517279 41.656599 370.242721 B4b1-MULAZIME-n30 
41.703039 41.935238 370.242721 B4b1-MULAZIME-n31 
42.028118 42.306757 333.463297 A4-MULAZIME-n32 
42.399637 43.049796 296.435177 G4-MULAZIME-n33 
43.096236 43.189116 395.262475 C5-MULAZIME-n34 
43.281995 43.467755 370.242721 B4b1-MULAZIME-n35 
43.560635 43.746395 395.262475 C5-MULAZIME-n36 
43.839274 45.232472 444.635247 D5-MULAZIME-n37 
45.325351 45.232472 NaN Rest-MULAZIME-n38 
45.325351 45.789751 500.175239 E5-MULAZIME-n39 
45.882630 45.882630 527.037398 F5-MULAZIME-n40 
45.975510 46.114830 592.870354 G5-MULAZIME-n41 
46.161270 46.254150 527.037398 F5-MULAZIME-n42 
46.300590 46.393469 500.175239 E5-MULAZIME-n43 
46.532789 46.672109 444.635247 D5-MULAZIME-n44 
46.764989 46.857868 395.262475 C5-MULAZIME-n45 
46.997188 47.182948 370.242721 B4b1-MULAZIME-n46 
47.275828 48.297506 395.262475 C5-MULAZIME-n47 
48.390385 48.901224 370.242721 B4b1-MULAZIME-n48 
48.994104 49.365624 444.635247 D5-MULAZIME-n49 
49.412063 49.597823 395.262475 C5-MULAZIME-n50 
49.644263 49.690703 370.242721 B4b1-MULAZIME-n51 
49.737143 49.876463 370.242721 B4b1-MULAZIME-n52 
50.015782 50.805261 333.463297 A4-MULAZIME-n53 
50.898141 50.898141 296.435177 G4-MULAZIME-n54 
50.991020 52.198458 333.463297 A4-MULAZIME-n55 
52.291338 52.198458 592.870354 G5-MULAZIME-n56 
52.291338 52.291338 666.926594 A5-MULAZIME-n57 
52.941497 53.730975 333.463297 A4-2._HANE-n1 
53.823855 54.195374 370.242721 B4b1-2._HANE-n2 
54.241814 54.752653 333.463297 A4-2._HANE-n3 
54.845533 55.356372 296.435177 G4-2._HANE-n4 
55.449252 55.588571 395.262475 C5-2._HANE-n5 
55.681451 55.774331 370.242721 B4b1-2._HANE-n6 
55.820771 55.960091 395.262475 C5-2._HANE-n7 
56.052971 56.285170 444.635247 D5-2._HANE-n8 
56.424490 56.888889 395.262475 C5-2._HANE-n9 
56.981769 57.492608 370.242721 B4b1-2._HANE-n10 
57.585488 58.189206 333.463297 A4-2._HANE-n11 
58.235646 58.328526 370.242721 B4b1-2._HANE-n12 
58.374966 58.421406 395.262475 C5-2._HANE-n13 
58.467846 58.607166 370.242721 B4b1-2._HANE-n14 
58.700045 58.885805 333.463297 A4-2._HANE-n15 
58.978685 59.210884 296.435177 G4-2._HANE-n16 
59.303764 60.186122 333.463297 A4-2._HANE-n17 
60.279002 60.743401 592.870354 G5-2._HANE-n18 
60.836281 61.207800 527.037398 F5-2._HANE-n19 
61.254240 61.625760 500.175239 E5-2._HANE-n20 
61.672200 63.344036 527.037398 F5-2._HANE-n21 
63.390476 63.344036 NaN Rest-2._HANE-n22 
63.390476 64.412154 527.037398 F5-2._HANE-n23 
64.505034 65.201633 500.175239 E5-2._HANE-n24 
65.248073 65.248073 527.037398 F5-2._HANE-n25 
65.294512 65.340952 500.175239 E5-2._HANE-n26 
65.387392 65.898231 527.037398 F5-2._HANE-n27 
65.991111 65.991111 592.870354 G5-2._HANE-n28 
66.037551 66.409070 527.037398 F5-2._HANE-n29 
66.501950 66.780590 500.175239 E5-2._HANE-n30 
66.827029 68.080907 444.635247 D5-2._HANE-n31 
68.173787 69.706304 500.175239 E5-2._HANE-n32 
69.752744 69.984943 444.635247 D5-2._HANE-n33 
70.031383 70.449342 500.175239 E5-2._HANE-n34 
70.495782 70.495782 444.635247 D5-2._HANE-n35 
70.542222 70.635102 500.175239 E5-2._HANE-n36 
70.727982 70.913741 527.037398 F5-2._HANE-n37 
70.960181 71.378141 500.175239 E5-2._HANE-n38 
71.424580 71.796100 444.635247 D5-2._HANE-n39 
72.028299 72.910658 395.262475 C5-2._HANE-n40 
73.003537 73.235737 500.175239 E5-2._HANE-n41 
73.282177 74.025215 527.037398 F5-2._HANE-n42 
74.071655 74.210975 500.175239 E5-2._HANE-n43 
74.303855 74.536054 444.635247 D5-2._HANE-n44 
74.582494 74.954014 444.635247 D5-2._HANE-n45 
75.046893 75.604172 444.635247 D5-2._HANE-n46 
75.697052 76.254331 395.262475 C5-2._HANE-n47 
76.347211 76.579410 500.175239 E5-2._HANE-n48 
76.765170 76.858050 444.635247 D5-2._HANE-n49 
76.904490 77.043810 395.262475 C5-2._HANE-n50 
77.090249 78.854966 395.262475 C5-2._HANE-n51 
78.947846 79.551565 370.242721 B4b1-2._HANE-n52 
79.644444 79.737324 444.635247 D5-2._HANE-n53 
79.876644 79.876644 395.262475 C5-2._HANE-n54 
79.923084 80.062404 370.242721 B4b1-2._HANE-n55 
80.155283 81.269841 370.242721 B4b1-2._HANE-n56 
81.316281 81.548481 333.463297 A4-2._HANE-n57 
81.641361 81.920000 395.262475 C5-2._HANE-n58 
81.966440 82.105760 370.242721 B4b1-2._HANE-n59 
82.152200 82.245079 333.463297 A4-2._HANE-n60 
82.291519 82.941678 333.463297 A4-2._HANE-n61 
82.988118 82.988118 592.870354 G5-2._HANE-n62 
83.034558 83.127438 666.926594 A5-2._HANE-n63 
84.102676 84.149116 592.870354 G5-MULAZIME-n1 
84.195556 84.474195 527.037398 F5-MULAZIME-n2 
84.520635 84.938594 500.175239 E5-MULAZIME-n3 
84.985034 85.356553 527.037398 F5-MULAZIME-n4 
85.402993 85.542313 592.870354 G5-MULAZIME-n5 
85.774512 85.867392 527.037398 F5-MULAZIME-n6 
85.913832 86.006712 500.175239 E5-MULAZIME-n7 
86.146032 87.074830 444.635247 D5-MULAZIME-n8 
87.167710 87.074830 NaN Rest-MULAZIME-n9 
87.167710 87.399909 500.175239 E5-MULAZIME-n10 
87.446349 87.632109 527.037398 F5-MULAZIME-n11 
87.678549 87.957188 500.175239 E5-MULAZIME-n12 
88.003628 88.142948 444.635247 D5-MULAZIME-n13 
88.235828 88.700227 395.262475 C5-MULAZIME-n14 
88.746667 88.839546 444.635247 D5-MULAZIME-n15 
88.885986 89.211066 500.175239 E5-MULAZIME-n16 
89.257506 89.350385 444.635247 D5-MULAZIME-n17 
89.443265 89.768345 395.262475 C5-MULAZIME-n18 
89.861224 89.861224 395.262475 C5-MULAZIME-n19 
89.907664 89.954104 370.242721 B4b1-MULAZIME-n20 
90.000544 90.418503 370.242721 B4b1-MULAZIME-n21 
90.464943 90.697143 333.463297 A4-MULAZIME-n22 
90.743583 92.043900 370.242721 B4b1-MULAZIME-n23 
92.136780 92.043900 NaN Rest-MULAZIME-n24 
92.136780 92.508299 333.463297 A4-MULAZIME-n25 
92.601179 92.926259 370.242721 B4b1-MULAZIME-n26 
92.972698 92.972698 395.262475 C5-MULAZIME-n27 
93.065578 93.576417 444.635247 D5-MULAZIME-n28 
93.622857 93.622857 395.262475 C5-MULAZIME-n29 
93.669297 93.715737 370.242721 B4b1-MULAZIME-n30 
93.762177 93.947937 370.242721 B4b1-MULAZIME-n31 
94.040816 94.365896 333.463297 A4-MULAZIME-n32 
94.412336 94.737415 296.435177 G4-MULAZIME-n33 
94.783855 95.201814 395.262475 C5-MULAZIME-n34 
95.248254 95.434014 370.242721 B4b1-MULAZIME-n35 
95.526893 95.666213 395.262475 C5-MULAZIME-n36 
95.759093 97.198730 444.635247 D5-MULAZIME-n37 
97.291610 97.198730 NaN Rest-MULAZIME-n38 
97.291610 97.802449 500.175239 E5-MULAZIME-n39 
97.895329 97.895329 527.037398 F5-MULAZIME-n40 
97.941769 98.034649 592.870354 G5-MULAZIME-n41 
98.127528 98.266848 527.037398 F5-MULAZIME-n42 
98.313288 98.452608 500.175239 E5-MULAZIME-n43 
98.545488 98.638367 444.635247 D5-MULAZIME-n44 
98.731247 98.824127 395.262475 C5-MULAZIME-n45 
98.870567 99.149206 370.242721 B4b1-MULAZIME-n46 
99.334966 100.170884 395.262475 C5-MULAZIME-n47 
100.263764 100.867483 370.242721 B4b1-MULAZIME-n48 
100.960363 101.285442 444.635247 D5-MULAZIME-n49 
101.378322 101.471202 395.262475 C5-MULAZIME-n50 
101.564082 101.749841 370.242721 B4b1-MULAZIME-n51 
101.796281 102.028481 370.242721 B4b1-MULAZIME-n52 
102.121361 102.307120 333.463297 A4-MULAZIME-n53 
102.400000 102.678639 296.435177 G4-MULAZIME-n54 
102.771519 104.164717 333.463297 A4-MULAZIME-n55 
104.257596 104.257596 592.870354 G5-MULAZIME-n56 
104.304036 104.304036 666.926594 A5-MULAZIME-n57 
104.582676 105.604354 333.463297 A4-3._HANE-n1 
105.650794 106.115193 666.926594 A5-3._HANE-n2 
106.161633 106.347392 592.870354 G5-3._HANE-n3 
106.393832 106.486712 555.342202 F5#4-3._HANE-n4 
106.579592 107.043991 500.175239 E5-3._HANE-n5 
107.136871 107.647710 555.342202 F5#4-3._HANE-n6 
107.694150 108.065669 592.870354 G5-3._HANE-n7 
108.158549 109.180227 666.926594 A5-3._HANE-n8 
109.273107 109.737506 444.635247 D5-3._HANE-n9 
109.830385 110.062585 500.175239 E5-3._HANE-n10 
110.155465 110.712744 444.635247 D5-3._HANE-n11 
110.805624 111.177143 500.175239 E5-3._HANE-n12 
111.270023 111.502222 444.635247 D5-3._HANE-n13 
111.595102 112.013061 395.262475 C5-3._HANE-n14 
112.059501 112.152381 370.242721 B4b1-3._HANE-n15 
112.198821 112.616780 370.242721 B4b1-3._HANE-n16 
112.709660 112.802540 333.463297 A4-3._HANE-n17 
112.895420 113.220499 296.435177 G4-3._HANE-n18 
113.313379 114.845896 333.463297 A4-3._HANE-n19 
114.985215 114.985215 NaN Rest-3._HANE-n20 
115.031655 115.356735 790.524950 C6-3._HANE-n21 
115.496054 115.774694 740.485443 B5b1-3._HANE-n22 
115.914014 116.378413 666.926594 A5-3._HANE-n23 
116.471293 116.842812 592.870354 G5-3._HANE-n24 
116.935692 117.446531 555.342202 F5#4-3._HANE-n25 
117.492971 117.725170 740.485443 B5b1-3._HANE-n26 
117.771610 117.864490 666.926594 A5-3._HANE-n27 
117.910930 118.003810 592.870354 G5-3._HANE-n28 
118.096689 118.282449 555.342202 F5#4-3._HANE-n29 
118.421769 119.350567 500.175239 E5-3._HANE-n30 
119.489887 119.861406 555.342202 F5#4-3._HANE-n31 
119.954286 120.929524 444.635247 D5-3._HANE-n32 
121.022404 121.579683 592.870354 G5-3._HANE-n33 
121.672562 121.951202 555.342202 F5#4-3._HANE-n34 
122.044082 122.415601 666.926594 A5-3._HANE-n35 
122.508481 123.019320 592.870354 G5-3._HANE-n36 
123.112200 124.040998 555.342202 F5#4-3._HANE-n37 
124.087438 124.087438 555.342202 F5#4-3._HANE-n38 
124.133878 124.412517 500.175239 E5-3._HANE-n39 
124.505397 124.923356 444.635247 D5-3._HANE-n40 
125.016236 126.037914 500.175239 E5-3._HANE-n41 
126.130794 126.548753 592.870354 G5-3._HANE-n42 
126.595193 127.059592 555.342202 F5#4-3._HANE-n43 
127.106032 127.523991 592.870354 G5-3._HANE-n44 
127.616871 128.034830 500.175239 E5-3._HANE-n45 
128.127710 128.731429 527.037398 F5-3._HANE-n46 
128.777868 128.777868 444.635247 D5-3._HANE-n47 
128.870748 129.056508 500.175239 E5-3._HANE-n48 
129.149388 129.567347 444.635247 D5-3._HANE-n49 
129.660227 130.031746 500.175239 E5-3._HANE-n50 
130.124626 130.310385 395.262475 C5-3._HANE-n51 
130.356825 130.960544 444.635247 D5-3._HANE-n52 
131.006984 131.006984 395.262475 C5-3._HANE-n53 
131.099864 131.517823 444.635247 D5-3._HANE-n54 
131.610703 132.260862 395.262475 C5-3._HANE-n55 
132.353741 132.400181 370.242721 B4b1-3._HANE-n56 
132.446621 132.911020 370.242721 B4b1-3._HANE-n57 
132.957460 133.050340 395.262475 C5-3._HANE-n58 
133.096780 133.282540 370.242721 B4b1-3._HANE-n59 
133.328980 133.607619 333.463297 A4-3._HANE-n60 
133.700499 134.629297 333.463297 A4-3._HANE-n61 
134.722177 134.954376 592.870354 G5-3._HANE-n62 
135.047256 135.233016 666.926594 A5-3._HANE-n63 
135.650975 135.743855 592.870354 G5-MULAZIME-n1 
135.790295 135.883175 527.037398 F5-MULAZIME-n2 
135.929615 136.301134 500.175239 E5-MULAZIME-n3 
136.347574 136.486893 527.037398 F5-MULAZIME-n4 
136.579773 136.765533 592.870354 G5-MULAZIME-n5 
136.811973 136.997732 527.037398 F5-MULAZIME-n6 
137.090612 137.276372 500.175239 E5-MULAZIME-n7 
137.369252 138.298050 444.635247 D5-MULAZIME-n8 
138.390930 138.390930 NaN Rest-MULAZIME-n9 
138.437370 138.623129 500.175239 E5-MULAZIME-n10 
138.669569 139.087528 527.037398 F5-MULAZIME-n11 
139.180408 139.180408 500.175239 E5-MULAZIME-n12 
139.226848 139.319728 444.635247 D5-MULAZIME-n13 
139.412608 139.923447 395.262475 C5-MULAZIME-n14 
139.969887 140.062766 444.635247 D5-MULAZIME-n15 
140.202086 140.573605 500.175239 E5-MULAZIME-n16 
140.620045 140.620045 444.635247 D5-MULAZIME-n17 
140.666485 140.805805 395.262475 C5-MULAZIME-n18 
140.852245 141.038005 395.262475 C5-MULAZIME-n19 
141.084444 141.270204 370.242721 B4b1-MULAZIME-n20 
141.363084 141.688163 370.242721 B4b1-MULAZIME-n21 
141.734603 141.827483 333.463297 A4-MULAZIME-n22 
141.920363 143.220680 370.242721 B4b1-MULAZIME-n23 
143.313560 143.220680 NaN Rest-MULAZIME-n24 
143.313560 143.917279 333.463297 A4-MULAZIME-n25 
143.963719 143.963719 370.242721 B4b1-MULAZIME-n26 
144.010159 144.195918 395.262475 C5-MULAZIME-n27 
144.288798 144.474558 444.635247 D5-MULAZIME-n28 
144.520998 144.799637 395.262475 C5-MULAZIME-n29 
144.846077 144.892517 370.242721 B4b1-MULAZIME-n30 
144.985397 145.310476 370.242721 B4b1-MULAZIME-n31 
145.403356 145.496236 333.463297 A4-MULAZIME-n32 
145.542676 146.239274 296.435177 G4-MULAZIME-n33 
146.285714 146.425034 395.262475 C5-MULAZIME-n34 
146.517914 146.750113 370.242721 B4b1-MULAZIME-n35 
146.842993 147.028753 395.262475 C5-MULAZIME-n36 
147.075193 148.561270 444.635247 D5-MULAZIME-n37 
148.654150 148.561270 NaN Rest-MULAZIME-n38 
148.654150 148.839909 500.175239 E5-MULAZIME-n39 
148.932789 149.257868 527.037398 F5-MULAZIME-n40 
149.304308 149.397188 592.870354 G5-MULAZIME-n41 
149.490068 149.582948 527.037398 F5-MULAZIME-n42 
149.629388 149.722268 500.175239 E5-MULAZIME-n43 
149.815147 150.047347 444.635247 D5-MULAZIME-n44 
150.093787 150.186667 395.262475 C5-MULAZIME-n45 
150.279546 150.465306 370.242721 B4b1-MULAZIME-n46 
150.651066 151.672744 395.262475 C5-MULAZIME-n47 
151.719184 152.183583 370.242721 B4b1-MULAZIME-n48 
152.276463 152.833741 444.635247 D5-MULAZIME-n49 
152.880181 152.926621 395.262475 C5-MULAZIME-n50 
152.973061 153.065941 370.242721 B4b1-MULAZIME-n51 
153.112381 153.530340 370.242721 B4b1-MULAZIME-n52 
153.576780 153.669660 333.463297 A4-MULAZIME-n53 
153.762540 154.226939 296.435177 G4-MULAZIME-n54 
154.319819 155.202177 333.463297 A4-MULAZIME-n55 
155.295057 155.202177 592.870354 G5-MULAZIME-n56 
155.295057 155.295057 666.926594 A5-MULAZIME-n57 
156.781134 157.199093 333.463297 A4-4._HANE-n1 
157.245533 157.617052 333.463297 A4-4._HANE-n2 
157.663492 157.942132 296.435177 G4-4._HANE-n3 
158.035011 158.035011 333.463297 A4-4._HANE-n4 
158.127891 158.267211 296.435177 G4-4._HANE-n5 
158.406531 158.592290 333.463297 A4-4._HANE-n6 
158.685170 158.963810 370.242721 B4b1-4._HANE-n7 
159.010249 159.939048 395.262475 C5-4._HANE-n8 
160.031927 160.635646 395.262475 C5-4._HANE-n9 
160.728526 160.867846 444.635247 D5-4._HANE-n10 
160.960726 161.192925 500.175239 E5-4._HANE-n11 
161.378685 161.518005 527.037398 F5-4._HANE-n12 
161.610884 161.982404 500.175239 E5-4._HANE-n13 
162.075283 162.075283 444.635247 D5-4._HANE-n14 
162.168163 162.353923 395.262475 C5-4._HANE-n15 
162.446803 162.771882 370.242721 B4b1-4._HANE-n16 
162.864762 163.189841 333.463297 A4-4._HANE-n17 
163.236281 163.747120 333.463297 A4-4._HANE-n18 
163.840000 164.443719 527.037398 F5-4._HANE-n19 
164.490159 164.675918 500.175239 E5-4._HANE-n20 
164.768798 165.047438 444.635247 D5-4._HANE-n21 
165.140317 165.279637 666.926594 A5-4._HANE-n22 
165.372517 165.651156 592.870354 G5-4._HANE-n23 
165.697596 165.976236 527.037398 F5-4._HANE-n24 
166.022676 166.208435 500.175239 E5-4._HANE-n25 
166.254875 166.440635 444.635247 D5-4._HANE-n26 
166.533515 166.951474 444.635247 D5-4._HANE-n27 
166.997914 167.044354 395.262475 C5-4._HANE-n28 
167.230113 167.555193 370.242721 B4b1-4._HANE-n29 
167.648073 167.833832 333.463297 A4-4._HANE-n30 
167.926712 168.205351 296.435177 G4-4._HANE-n31 
168.251791 168.391111 500.175239 E5-4._HANE-n32 
168.437551 168.623311 444.635247 D5-4._HANE-n33 
168.669751 168.716190 395.262475 C5-4._HANE-n34 
168.762630 169.180590 395.262475 C5-4._HANE-n35 
169.319909 169.505669 370.242721 B4b1-4._HANE-n36 
169.552109 169.970068 370.242721 B4b1-4._HANE-n37 
170.062948 170.062948 395.262475 C5-4._HANE-n38 
170.155828 170.295147 370.242721 B4b1-4._HANE-n39 
170.388027 170.434467 333.463297 A4-4._HANE-n40 
170.480907 171.781224 333.463297 A4-4._HANE-n41 
171.827664 172.338503 333.463297 A4-4._HANE-n42 
172.384943 172.570703 333.463297 A4-4._HANE-n43 
172.617143 172.802902 296.435177 G4-4._HANE-n44 
172.895782 173.035102 333.463297 A4-4._HANE-n45 
173.081542 173.220862 296.435177 G4-4._HANE-n46 
173.313741 173.731701 333.463297 A4-4._HANE-n47 
173.824580 174.335420 370.242721 B4b1-4._HANE-n48 
174.428299 175.635737 395.262475 C5-4._HANE-n49 
175.728617 176.053696 395.262475 C5-4._HANE-n50 
176.100136 176.193016 444.635247 D5-4._HANE-n51 
176.239456 176.378776 500.175239 E5-4._HANE-n52 
176.471655 176.936054 527.037398 F5-4._HANE-n53 
177.028934 177.028934 500.175239 E5-4._HANE-n54 
177.121814 177.586213 444.635247 D5-4._HANE-n55 
177.632653 177.864853 395.262475 C5-4._HANE-n56 
178.004172 178.004172 370.242721 B4b1-4._HANE-n57 
178.050612 178.515011 333.463297 A4-4._HANE-n58 
178.561451 178.932971 333.463297 A4-4._HANE-n59 
179.025850 179.676009 527.037398 F5-4._HANE-n60 
179.722449 179.768889 500.175239 E5-4._HANE-n61 
179.861769 180.093968 444.635247 D5-4._HANE-n62 
180.233288 180.651247 666.926594 A5-4._HANE-n63 
180.744127 180.744127 592.870354 G5-4._HANE-n64 
180.837007 181.069206 527.037398 F5-4._HANE-n65 
181.115646 181.301406 500.175239 E5-4._HANE-n66 
181.394286 181.487166 444.635247 D5-4._HANE-n67 
181.533605 181.951565 444.635247 D5-4._HANE-n68 
182.090884 182.137324 395.262475 C5-4._HANE-n69 
182.369524 182.648163 370.242721 B4b1-4._HANE-n70 
182.694603 182.926803 333.463297 A4-4._HANE-n71 
183.019683 183.391202 296.435177 G4-4._HANE-n72 
183.484082 183.902041 500.175239 E5-4._HANE-n73 
183.948481 183.948481 444.635247 D5-4._HANE-n74 
183.994921 183.994921 395.262475 C5-4._HANE-n75 
184.041361 184.412880 395.262475 C5-4._HANE-n76 
184.505760 184.784399 370.242721 B4b1-4._HANE-n77 
184.877279 185.063039 370.242721 B4b1-4._HANE-n78 
185.155918 185.202358 395.262475 C5-4._HANE-n79 
185.248798 185.388118 370.242721 B4b1-4._HANE-n80 
185.434558 185.620317 333.463297 A4-4._HANE-n81 
185.666757 186.967075 333.463297 A4-4._HANE-n82 
187.013515 187.524354 666.926594 A5-4._HANE-n83 
187.570794 188.128073 592.870354 G5-4._HANE-n84 
188.220952 188.220952 592.870354 G5-4._HANE-n85 
188.267392 188.267392 527.037398 F5-4._HANE-n86 
188.313832 188.824671 527.037398 F5-4._HANE-n87 
188.917551 189.103311 500.175239 E5-4._HANE-n88 
189.149751 189.242630 592.870354 G5-4._HANE-n89 
189.289070 189.474830 527.037398 F5-4._HANE-n90 
189.521270 189.567710 500.175239 E5-4._HANE-n91 
189.614150 190.496508 500.175239 E5-4._HANE-n92 
190.542948 190.542948 444.635247 D5-4._HANE-n93 
190.589388 191.239546 527.037398 F5-4._HANE-n94 
191.378866 191.425306 500.175239 E5-4._HANE-n95 
191.471746 191.889705 500.175239 E5-4._HANE-n96 
191.982585 192.029025 444.635247 D5-4._HANE-n97 
192.075465 192.261224 444.635247 D5-4._HANE-n98 
192.307664 192.493424 395.262475 C5-4._HANE-n99 
192.632744 192.864943 527.037398 F5-4._HANE-n100 
192.911383 193.004263 500.175239 E5-4._HANE-n101 
193.190023 193.236463 444.635247 D5-4._HANE-n102 
193.329342 193.793741 444.635247 D5-4._HANE-n103 
193.886621 193.793741 NaN Rest-4._HANE-n104 
193.886621 194.397460 395.262475 C5-4._HANE-n105 
194.490340 195.094059 444.635247 D5-4._HANE-n106 
195.140499 195.326259 500.175239 E5-4._HANE-n107 
195.372698 195.558458 527.037398 F5-4._HANE-n108 
195.604898 195.697778 592.870354 G5-4._HANE-n109 
195.744218 196.162177 527.037398 F5-4._HANE-n110 
196.208617 196.533696 500.175239 E5-4._HANE-n111 
196.580136 196.812336 444.635247 D5-4._HANE-n112 
196.858776 197.323175 444.635247 D5-4._HANE-n113 
197.369615 197.648254 395.262475 C5-4._HANE-n114 
197.694694 197.926893 370.242721 B4b1-4._HANE-n115 
197.973333 198.159093 333.463297 A4-4._HANE-n116 
198.205533 198.437732 296.435177 G4-4._HANE-n117 
198.577052 199.087891 500.175239 E5-4._HANE-n118 
199.134331 199.134331 444.635247 D5-4._HANE-n119 
199.180771 199.180771 395.262475 C5-4._HANE-n120 
199.227211 199.645170 395.262475 C5-4._HANE-n121 
199.738050 199.784490 370.242721 B4b1-4._HANE-n122 
199.830930 199.877370 370.242721 B4b1-4._HANE-n123 
199.970249 200.156009 395.262475 C5-4._HANE-n124 
200.248889 200.481088 370.242721 B4b1-4._HANE-n125 
200.573968 201.177687 333.463297 A4-4._HANE-n126 
201.224127 201.224127 333.463297 A4-4._HANE-n127 
201.317007 201.967166 666.926594 A5-4._HANE-n128 
202.013605 202.338685 666.926594 A5-4._HANE-n129 
202.478005 202.524444 592.870354 G5-4._HANE-n130 
202.570884 202.942404 592.870354 G5-4._HANE-n131 
203.035283 203.313923 527.037398 F5-4._HANE-n132 
203.406803 203.917642 527.037398 F5-4._HANE-n133 
204.010522 204.056961 500.175239 E5-4._HANE-n134 
204.103401 204.289161 592.870354 G5-4._HANE-n135 
204.335601 204.382041 527.037398 F5-4._HANE-n136 
204.474921 204.614240 500.175239 E5-4._HANE-n137 
204.707120 205.868118 500.175239 E5-4._HANE-n138 
205.960998 206.471837 444.635247 D5-4._HANE-n139 
206.564717 206.564717 527.037398 F5-4._HANE-n140 
206.611156 206.611156 500.175239 E5-4._HANE-n141 
206.657596 206.889796 500.175239 E5-4._HANE-n142 
206.982676 207.029116 444.635247 D5-4._HANE-n143 
207.075556 207.493515 444.635247 D5-4._HANE-n144 
207.586395 207.772154 395.262475 C5-4._HANE-n145 
207.865034 208.236553 527.037398 F5-4._HANE-n146 
208.282993 208.329433 500.175239 E5-4._HANE-n147 
208.422313 208.608073 444.635247 D5-4._HANE-n148 
208.654512 209.676190 444.635247 D5-4._HANE-n149 
209.769070 209.676190 NaN Rest-4._HANE-n150 
209.769070 210.372789 395.262475 C5-4._HANE-n151 
210.419229 210.419229 444.635247 D5-4._HANE-n152 
210.465669 210.604989 500.175239 E5-4._HANE-n153 
210.697868 211.208707 527.037398 F5-4._HANE-n154 
211.255147 211.348027 592.870354 G5-4._HANE-n155 
211.394467 211.626667 527.037398 F5-4._HANE-n156 
211.673107 211.765986 500.175239 E5-4._HANE-n157 
211.858866 211.998186 444.635247 D5-4._HANE-n158 
212.091066 212.601905 444.635247 D5-4._HANE-n159 
212.741224 212.880544 395.262475 C5-4._HANE-n160 
212.926984 213.298503 370.242721 B4b1-4._HANE-n161 
213.391383 213.530703 333.463297 A4-4._HANE-n162 
213.577143 213.855782 296.435177 G4-4._HANE-n163 
213.948662 214.134422 500.175239 E5-4._HANE-n164 
214.180862 214.459501 444.635247 D5-4._HANE-n165 
214.505941 214.598821 395.262475 C5-4._HANE-n166 
214.645261 214.970340 395.262475 C5-4._HANE-n167 
215.016780 215.202540 370.242721 B4b1-4._HANE-n168 
215.295420 215.527619 370.242721 B4b1-4._HANE-n169 
215.620499 215.899138 395.262475 C5-4._HANE-n170 
215.945578 216.038458 370.242721 B4b1-4._HANE-n171 
216.131338 216.177778 333.463297 A4-4._HANE-n172 
216.224218 216.967256 333.463297 A4-4._HANE-n173 
217.013696 217.013696 592.870354 G5-4._HANE-n174 
217.060136 217.199456 666.926594 A5-4._HANE-n175 
220.589569 220.728889 592.870354 G5-MULAZIME-n1 
220.775329 220.914649 527.037398 F5-MULAZIME-n2 
220.961088 221.936327 500.175239 E5-MULAZIME-n3 
221.982766 222.075646 527.037398 F5-MULAZIME-n4 
222.122086 222.632925 592.870354 G5-MULAZIME-n5 
222.772245 222.958005 527.037398 F5-MULAZIME-n6 
223.097324 223.422404 500.175239 E5-MULAZIME-n7 
223.468844 224.676281 444.635247 D5-MULAZIME-n8 
224.722721 224.676281 NaN Rest-MULAZIME-n9 
224.722721 225.187120 500.175239 E5-MULAZIME-n10 
225.280000 225.697959 527.037398 F5-MULAZIME-n11 
225.837279 226.069478 500.175239 E5-MULAZIME-n12 
226.162358 226.440998 444.635247 D5-MULAZIME-n13 
226.487438 227.230476 395.262475 C5-MULAZIME-n14 
227.276916 227.555556 444.635247 D5-MULAZIME-n15 
227.648435 228.205714 500.175239 E5-MULAZIME-n16 
228.298594 228.391474 444.635247 D5-MULAZIME-n17 
228.437914 228.577234 395.262475 C5-MULAZIME-n18 
228.623673 228.855873 395.262475 C5-MULAZIME-n19 
228.948753 229.413152 370.242721 B4b1-MULAZIME-n20 
229.459592 229.877551 370.242721 B4b1-MULAZIME-n21 
229.970431 230.202630 333.463297 A4-MULAZIME-n22 
230.249070 231.502948 370.242721 B4b1-MULAZIME-n23 
231.595828 231.502948 NaN Rest-MULAZIME-n24 
231.595828 232.153107 333.463297 A4-MULAZIME-n25 
232.245986 232.617506 370.242721 B4b1-MULAZIME-n26 
232.710385 232.849705 395.262475 C5-MULAZIME-n27 
232.896145 233.128345 444.635247 D5-MULAZIME-n28 
233.174785 233.314104 395.262475 C5-MULAZIME-n29 
233.406984 233.546304 370.242721 B4b1-MULAZIME-n30 
233.592744 233.917823 370.242721 B4b1-MULAZIME-n31 
234.010703 234.242902 333.463297 A4-MULAZIME-n32 
234.289342 234.800181 296.435177 G4-MULAZIME-n33 
234.893061 235.264580 395.262475 C5-MULAZIME-n34 
235.403900 235.543220 370.242721 B4b1-MULAZIME-n35 
235.636100 235.914739 395.262475 C5-MULAZIME-n36 
236.007619 237.493696 444.635247 D5-MULAZIME-n37 
237.586576 237.493696 NaN Rest-MULAZIME-n38 
237.586576 237.772336 500.175239 E5-MULAZIME-n39 
237.818776 238.097415 527.037398 F5-MULAZIME-n40 
238.143855 238.515374 592.870354 G5-MULAZIME-n41 
238.561814 238.701134 527.037398 F5-MULAZIME-n42 
238.747574 238.933333 500.175239 E5-MULAZIME-n43 
238.979773 239.211973 444.635247 D5-MULAZIME-n44 
239.304853 239.490612 395.262475 C5-MULAZIME-n45 
239.537052 239.769252 370.242721 B4b1-MULAZIME-n46 
239.955011 241.162449 395.262475 C5-MULAZIME-n47 
241.255329 241.859048 370.242721 B4b1-MULAZIME-n48 
241.951927 242.509206 444.635247 D5-MULAZIME-n49 
242.555646 242.787846 395.262475 C5-MULAZIME-n50 
242.834286 243.205805 370.242721 B4b1-MULAZIME-n51 
243.298685 243.902404 370.242721 B4b1-MULAZIME-n52 
243.948844 244.134603 333.463297 A4-MULAZIME-n53 
244.181043 245.156281 296.435177 G4-MULAZIME-n54 
245.249161 246.131519 333.463297 A4-MULAZIME-n55 
246.177959 246.131519 592.870354 G5-MULAZIME-n56 
246.177959 246.177959 666.926594 A5-MULAZIME-n57 
