0.696598639	468.017	0.092879818
0.882358276	438.392	0.046439909
0.975238095	394.843	0.046439909
1.114557823	350.999	0.139319727
1.300317460	328.781	0.000000000
1.393197278	296.12	0.092879818
1.578956916	263.239	0.510839002
2.136235827	350.999	0.139319727
2.321995464	328.781	0.046439909
2.414875283	350.999	0.232199546
2.739954648	394.843	1.346757369
4.179591836	350.999	0.278639455
4.551111111	394.843	0.092879818
4.690430839	438.392	0.046439909
4.829750566	468.017	1.346757369
6.222947845	438.392	0.185759637
6.455147392	394.843	0.092879818
6.594467120	350.999	0.092879818
6.780226757	526.478	1.625396825
8.452063492	468.017	0.046439909
8.544943310	438.392	0.092879818
8.730702947	394.843	0.278639455
9.055782312	438.392	0.000000000
9.102222222	468.017	0.000000000
9.148662131	438.392	0.000000000
9.195102040	394.843	0.046439909
9.334421768	438.392	0.139319727
9.566621315	468.017	0.325079365
9.938140589	438.392	0.046439909
10.077460317	394.843	0.232199546
10.356099773	350.999	0.046439909
10.448979591	328.781	0.557278911
11.099138321	350.999	0.000000000
11.192018140	394.843	1.346757369
12.631655328	468.017	0.000000000
12.724535147	438.392	0.000000000
12.724535147	468.017	0.000000000
12.724535147	394.843	0.000000000
12.724535147	394.843	0.000000000
12.770975056	468.017	0.139319727
12.956734693	438.392	0.092879818
13.142494331	394.843	0.046439909
13.281814058	350.999	0.046439909
13.421133786	328.781	0.046439909
13.560453514	296.12	0.046439909
13.699773242	263.239	0.325079365
14.117732426	350.999	0.325079365
14.489251700	328.781	0.046439909
14.582131519	350.999	0.092879818
14.767891156	394.843	1.532517006
16.346848072	350.999	0.046439909
16.439727891	394.843	0.092879818
16.579047619	438.392	0.139319727
16.811247165	468.017	1.486077097
18.343764172	438.392	0.046439909
18.436643990	394.843	0.092879818
18.575963718	350.999	0.092879818
18.761723356	526.478	1.300317460
20.154920634	468.017	0.278639455
20.480000000	438.392	0.046439909
20.572879818	394.843	0.278639455
20.944399092	438.392	0.046439909
21.037278911	468.017	0.000000000
21.083718820	438.392	0.000000000
21.130158730	394.843	0.139319727
21.362358276	438.392	0.092879818
21.548117913	468.017	0.371519274
21.966077097	438.392	0.278639455
22.337596371	394.843	0.092879818
22.476916099	350.999	0.232199546
22.755555555	328.781	0.278639455
23.127074829	350.999	0.371519274
23.591473922	394.843	1.021678004
24.706031746	468.017	0.000000000
24.706031746	438.392	0.000000000
24.706031746	468.017	0.000000000
24.706031746	394.843	0.000000000
24.706031746	394.843	0.000000000
24.946938775	353.703	0.000000000
25.237188208	399.558	0.371519274
25.962811791	397.479	0.610793650
26.464943310	399.558	0.595555555
27.167346938	399.558	0.278639455
27.426530612	470.44	0.092879818
28.209342403	399.558	0.185759637
28.702040816	399.558	0.092879818
28.958911564	353.737	0.000000000
29.208163265	330.826	0.092879818
29.392857142	299.324	0.046439909
29.693877551	353.737	0.247120181
30.357188208	397.479	0.464399092
30.882539682	394.843	0.580498866
31.583673469	353.703	0.217687074
31.834693877	470.44	0.371519274
32.561224489	441.256	0.046439909
33.065215419	438.392	0.603718820
34.273469387	353.737	0.142222222
34.493877551	353.737	0.092879818
34.767346938	353.703	0.325079365
35.169523809	470.44	0.365714285
35.587482993	470.44	0.086054421
35.914285714	441.256	0.278639455
36.436734693	396.694	0.185759637
36.853061224	514.217	0.885714285
38.591564625	468.017	0.092879818
38.730884353	468.017	0.185759637
39.132653061	439.651	0.325079365
39.600000000	396.694	0.139319727
40.053061224	468.29	0.278639455
40.302040816	441.256	0.139319727
40.804081632	353.703	0.139319727
41.006439909	438.392	0.185759637
41.279591836	396.694	0.464399092
42.028117913	624.047	0.000000000
42.074557823	592.241	0.278639455
42.446077097	526.478	0.000000000
42.446077097	468.017	0.000000000
42.446077097	526.478	0.000000000
42.895918367	470.44	0.185759637
43.189115646	526.478	0.092879818
43.473560090	594.534	0.278639455
43.908163265	592.241	0.438185941
44.442993197	526.478	0.185759637
44.675192743	592.241	0.185759637
44.953832199	624.047	0.139319727
45.418231292	526.478	0.046439909
45.716326530	597.162	0.185759637
46.207709750	526.478	0.650158730
47.322267573	468.017	0.092879818
47.608163265	528.43	0.185759637
47.846938775	597.162	0.092879818
48.018866213	624.047	0.232199546
48.333786848	791.902	0.162539682
48.548571428	626.397	0.233650793
48.854784580	592.241	0.185759637
49.110204081	526.478	0.132063492
49.336598639	522.118	0.357278911
50.061224489	468.29	0.325079365
50.465306122	438.392	0.417959183
51.680362811	353.703	0.371519274
51.857414965	353.703	0.510839002
52.157823129	353.703	0.000000000
52.607709750	470.44	0.417959183
53.120000000	470.44	0.092879818
53.418956916	441.256	0.371519274
53.910929705	397.479	0.092879818
54.135873015	353.703	0.185759637
54.349206349	528.809	0.603718820
56.025396825	470.44	0.046439909
56.285170068	470.44	0.046439909
56.511564625	441.256	0.278639455
57.007891156	397.479	0.139319727
57.257505668	441.256	0.185759637
57.457777777	470.44	0.139319727
57.771247165	438.392	0.464399092
58.247256235	353.703	0.046439909
58.335782312	441.256	0.092879818
58.736734693	397.479	0.650158730
60.000362811	468.017	0.092879818
60.139682539	438.392	0.092879818
60.325442176	394.843	0.046439909
60.511201814	350.999	0.092879818
60.650521541	328.781	0.000000000
60.696961451	296.12	0.046439909
60.836281179	263.239	0.650158730
61.579319727	350.999	0.046439909
61.672199546	328.781	0.139319727
61.904399092	350.999	0.139319727
62.136598639	394.843	1.114557823
63.297596371	350.999	0.371519274
63.761995464	394.843	0.232199546
64.040634920	438.392	0.092879818
64.179954648	468.017	1.346757369
65.573151927	438.392	0.139319727
65.758911564	394.843	0.139319727
66.037551020	350.999	0.092879818
66.223310657	526.478	1.578956916
67.848707482	468.017	0.232199546
68.173786848	438.392	0.371519274
68.638185941	394.843	0.139319727
68.870385487	438.392	0.185759637
69.149024943	468.017	0.092879818
69.288344671	438.392	0.000000000
69.381224489	394.843	0.046439909
69.474104308	438.392	0.139319727
69.706303854	468.017	0.464399092
70.263582766	438.392	0.046439909
70.356462585	394.843	0.371519274
70.774421768	350.999	0.046439909
70.867301587	328.781	0.232199546
71.145941043	350.999	0.000000000
71.238820861	394.843	1.114557823
72.399818594	468.017	0.000000000
72.399818594	438.392	0.000000000
72.399818594	468.017	0.000000000
72.399818594	394.843	0.000000000
72.399818594	394.843	0.000000000
72.585578231	468.017	0.046439909
72.678458049	438.392	0.046439909
72.864217687	394.843	0.046439909
72.957097505	350.999	0.000000000
73.003537414	328.781	0.185759637
73.282176870	296.12	0.092879818
73.421496598	263.239	0.417959183
73.932335600	350.999	0.139319727
74.164535147	328.781	0.139319727
74.396734693	350.999	1.439637188
75.882811791	394.843	0.185759637
76.161451247	350.999	0.000000000
76.254331065	394.843	0.232199546
76.579410430	438.392	0.139319727
76.765170068	468.017	1.253877551
78.111927437	438.392	0.371519274
78.529886621	394.843	0.000000000
78.576326530	350.999	0.139319727
78.808526077	526.478	1.718276643
80.619682539	468.017	0.000000000
80.666122448	438.392	0.046439909
80.805442176	394.843	0.278639455
81.130521541	438.392	0.000000000
81.176961451	468.017	0.046439909
81.269841269	438.392	0.000000000
81.316281179	394.843	0.000000000
81.409160997	438.392	0.232199546
81.687800453	468.017	0.232199546
81.966439909	438.392	0.046439909
82.198639455	394.843	0.139319727
82.430839002	350.999	0.232199546
82.755918367	328.781	0.046439909
82.848798185	350.999	0.232199546
83.173877551	394.843	0.743038548
84.009795918	468.017	0.185759637
84.241995464	438.392	0.092879818
84.381315192	468.017	0.046439909
84.567074829	394.843	0.232199546
84.845714285	394.843	0.000000000
85.635192743	350.999	0.000000000
85.635192743	350.999	0.000000000
85.820952380	394.843	0.232199546
86.146031746	394.843	0.789478458
86.981950113	394.843	0.696598639
87.724988662	394.843	0.139319727
87.957188208	468.017	0.232199546
88.282267573	438.392	0.092879818
88.421587301	394.843	0.139319727
88.607346938	394.843	0.000000000
88.653786848	350.999	0.000000000
88.700226757	394.843	0.046439909
88.793106575	438.392	0.000000000
88.839546485	394.843	0.046439909
88.932426303	350.999	0.092879818
89.071746031	328.781	0.000000000
89.118185941	296.12	0.046439909
89.257505668	263.239	0.092879818
90.000544217	350.999	0.092879818
90.139863945	350.999	0.417959183
90.650702947	394.843	0.232199546
90.975782312	394.843	0.417959183
91.440181405	394.843	0.696598639
92.229659863	350.999	0.371519274
92.694058956	468.017	0.464399092
93.251337868	438.392	0.325079365
93.669297052	438.392	0.417959183
94.180136054	394.843	0.000000000
94.180136054	438.392	0.000000000
94.412335600	438.392	0.278639455
94.737414965	350.999	0.325079365
95.155374149	350.999	0.092879818
95.341133786	350.999	0.510839002
95.898412698	468.017	0.325079365
96.269931972	468.017	0.092879818
96.455691609	438.392	0.510839002
97.059410430	394.843	0.046439909
97.152290249	350.999	0.232199546
97.430929705	526.478	1.207437641
98.777687074	526.478	0.325079365
99.195646258	468.017	0.139319727
99.381405895	468.017	0.092879818
99.520725623	438.392	0.185759637
99.799365079	394.843	0.232199546
100.078004535	394.843	0.232199546
100.403083900	438.392	0.185759637
100.635283446	468.017	0.325079365
101.053242630	438.392	0.139319727
101.239002267	394.843	0.092879818
101.378321995	350.999	0.139319727
101.610521541	438.392	0.232199546
101.935600907	394.843	0.000000000
101.982040816	394.843	0.464399092
102.492879818	592.241	0.046439909
102.632199546	624.047	0.000000000
102.678639455	592.241	0.000000000
102.771519274	526.478	0.046439909
102.864399092	468.017	0.046439909
102.957278911	526.478	0.000000000
103.096598639	592.241	0.371519274
103.560997732	468.017	0.325079365
103.932517006	526.478	0.139319727
104.164716553	592.241	0.371519274
104.629115646	592.241	0.743038548
105.465034013	526.478	0.000000000
105.511473922	592.241	0.185759637
105.790113378	624.047	0.092879818
105.929433106	701.998	0.046439909
106.068752834	592.241	0.092879818
106.208072562	526.478	0.046439909
106.300952380	526.478	0.185759637
106.579591836	592.241	0.232199546
106.904671201	526.478	0.000000000
106.951111111	526.478	0.325079365
107.601269841	526.478	0.371519274
108.065668934	468.017	0.232199546
108.344308390	526.478	0.185759637
108.622947845	592.241	0.185759637
108.901587301	624.047	0.185759637
109.133786848	789.685	0.000000000
109.180226757	701.998	0.232199546
109.505306122	624.047	0.000000000
109.551746031	592.241	0.000000000
109.598185941	592.241	0.046439909
109.691065759	526.478	0.371519274
110.155464852	526.478	0.743038548
110.944943310	468.017	0.185759637
111.177142857	468.017	0.325079365
111.595102040	438.392	0.185759637
111.827301587	394.843	0.000000000
111.873741496	438.392	0.185759637
112.105941043	438.392	0.325079365
112.616780045	350.999	0.232199546
112.895419501	350.999	0.696598639
113.684897959	350.999	0.000000000
113.777777777	468.017	0.325079365
114.149297052	468.017	0.371519274
114.567256235	438.392	0.000000000
114.613696145	394.843	0.000000000
114.799455782	350.999	0.371519274
115.217414965	526.478	0.603718820
116.564172335	526.478	0.696598639
117.307210884	468.017	0.092879818
117.446530612	468.017	0.092879818
117.585850340	438.392	0.139319727
117.771609977	394.843	0.232199546
118.050249433	394.843	0.185759637
118.328888888	438.392	0.185759637
118.607528344	468.017	0.557278911
119.257687074	438.392	0.000000000
119.304126984	394.843	0.000000000
119.350566893	350.999	0.092879818
119.536326530	438.392	0.185759637
119.768526077	394.843	0.000000000
119.814965986	394.843	0.510839002
188.406712018	438.392	0.232199546
188.731791383	350.999	0.232199546
189.056870748	350.999	0.092879818
189.242630385	350.999	0.371519274
189.707029478	468.017	0.417959183
190.171428571	468.017	0.139319727
190.357188208	438.392	0.139319727
190.589387755	394.843	0.092879818
190.728707482	350.999	0.325079365
191.146666666	526.478	0.789478458
192.400544217	526.478	0.371519274
192.864943310	468.017	0.092879818
193.004263038	468.017	0.046439909
193.097142857	438.392	0.325079365
193.515102040	394.843	0.185759637
193.747301587	394.843	0.185759637
194.025941043	438.392	0.232199546
194.304580498	468.017	0.185759637
194.583219954	438.392	0.185759637
194.861859410	394.843	0.092879818
195.001179138	350.999	0.139319727
195.233378684	438.392	0.185759637
195.465578231	394.843	0.092879818
195.651337868	394.843	0.789478458
196.533696145	592.241	0.000000000
196.533696145	624.047	0.000000000
196.533696145	592.241	0.000000000
196.533696145	526.478	0.000000000
196.533696145	468.017	0.000000000
196.533696145	526.478	0.000000000
196.719455782	592.241	0.232199546
197.044535147	468.017	0.185759637
197.323174603	526.478	0.185759637
197.555374149	592.241	0.325079365
197.973333333	592.241	0.743038548
198.809251700	526.478	0.000000000
198.855691609	592.241	0.092879818
198.995011337	624.047	0.185759637
199.227210884	701.998	0.000000000
199.273650793	592.241	0.139319727
199.459410430	526.478	0.092879818
199.598730158	526.478	0.139319727
199.830929705	592.241	0.185759637
200.109569160	526.478	0.092879818
200.295328798	526.478	0.557278911
201.084807256	526.478	0.232199546
201.409886621	468.017	0.185759637
201.688526077	526.478	0.092879818
201.874285714	592.241	0.371519274
202.338684807	624.047	0.000000000
202.385124716	789.685	0.092879818
202.524444444	701.998	0.000000000
202.570884353	624.047	0.046439909
202.710204081	592.241	0.046439909
202.849523809	592.241	0.185759637
203.081723356	526.478	0.232199546
203.360362811	526.478	0.510839002
203.964081632	468.017	0.139319727
204.149841269	468.017	0.139319727
204.335600907	438.392	0.092879818
204.474920634	394.843	0.000000000
204.521360544	438.392	0.371519274
205.078639455	438.392	0.185759637
205.310839002	350.999	0.417959183
205.775238095	350.999	0.092879818
205.914557823	350.999	0.417959183
206.378956916	468.017	0.696598639
207.168435374	468.017	0.139319727
207.400634920	438.392	0.325079365
207.772154195	394.843	0.000000000
207.818594104	350.999	0.232199546
208.236553287	526.478	1.253877551
209.676190476	526.478	0.603718820
210.326349206	468.017	0.139319727
210.604988662	468.017	0.139319727
210.790748299	438.392	0.092879818
210.930068027	394.843	0.232199546
211.208707482	394.843	0.325079365
211.626666666	438.392	0.232199546
211.951746031	468.017	0.417959183
212.416145124	438.392	0.278639455
212.787664399	394.843	0.232199546
213.066303854	350.999	0.139319727
213.298503401	438.392	0.232199546
213.577142857	394.843	0.000000000
213.623582766	394.843	1.207437641
