824.447710 825.144308 806.977237 G5-1._HANE-n1 
825.190748 825.701587 755.896315 F5#4-1._HANE-n2 
825.748027 827.094785 680.806570 E5-1._HANE-n3 
827.187664 827.605624 605.209083 D5-1._HANE-n4 
827.698503 828.023583 605.209083 D5-1._HANE-n5 
828.116463 828.255782 566.899900 C5#4-1._HANE-n6 
828.348662 829.463220 510.584811 B4-1._HANE-n7 
829.556100 830.020499 453.888929 A4-1._HANE-n8 
830.113379 830.484898 403.488618 G4-1._HANE-n9 
830.531338 832.017415 806.977237 G5-1._HANE-n10 
832.063855 832.296054 907.777858 A5-1._HANE-n11 
832.342494 832.760454 806.977237 G5-1._HANE-n12 
832.853333 833.735692 755.896315 F5#4-1._HANE-n13 
833.782132 834.014331 680.806570 E5-1._HANE-n14 
834.060771 834.339410 605.209083 D5-1._HANE-n15 
834.385850 835.500408 605.209083 D5-1._HANE-n16 
835.546848 836.522086 605.209083 D5-1._HANE-n17 
836.568526 837.079365 510.584811 B4-1._HANE-n18 
837.125805 837.218685 510.584811 B4-1._HANE-n19 
837.311565 838.147483 566.899900 C5#4-1._HANE-n20 
838.286803 838.286803 605.209083 D5-1._HANE-n21 
838.379683 838.704762 680.806570 E5-1._HANE-n22 
838.797642 839.540680 755.896315 F5#4-1._HANE-n23 
839.587120 839.819320 806.977237 G5-1._HANE-n24 
839.865760 840.097959 755.896315 F5#4-1._HANE-n25 
840.190839 840.469478 680.806570 E5-1._HANE-n26 
840.515918 840.748118 605.209083 D5-1._HANE-n27 
840.794558 841.119637 566.899900 C5#4-1._HANE-n28 
841.212517 841.537596 510.584811 B4-1._HANE-n29 
841.630476 841.955556 510.584811 B4-1._HANE-n30 
842.048435 842.884354 510.584811 B4-1._HANE-n31 
842.977234 843.395193 453.888929 A4-1._HANE-n32 
843.488073 844.091791 403.488618 G4-1._HANE-n33 
844.138231 844.834830 453.888929 A4-1._HANE-n34 
844.881270 845.067029 478.265259 B4b5-1._HANE-n35 
845.113469 845.345669 453.888929 A4-1._HANE-n36 
845.392109 845.624308 403.488618 G4-1._HANE-n37 
845.670748 845.763628 377.948157 F4#4-1._HANE-n38 
845.856508 846.367347 403.488618 G4-1._HANE-n39 
846.460227 847.574785 453.888929 A4-1._HANE-n40 
847.621224 847.621224 453.888929 A4-1._HANE-n41 
848.317823 848.457143 377.948157 F4#4-TESLIM-n1 
848.550023 848.875102 403.488618 G4-TESLIM-n2 
848.921542 849.339501 453.888929 A4-TESLIM-n3 
849.432381 850.128980 503.950731 B4b1-TESLIM-n4 
850.175420 850.593379 538.006021 C5-TESLIM-n5 
850.686259 851.057778 503.950731 B4b1-TESLIM-n6 
851.104218 851.661497 453.888929 A4-TESLIM-n7 
851.707937 852.358095 503.950731 B4b1-TESLIM-n8 
852.450975 852.776054 453.888929 A4-TESLIM-n9 
852.822494 853.286893 403.488618 G4-TESLIM-n10 
853.379773 854.029932 453.888929 A4-TESLIM-n11 
854.076372 854.447891 503.950731 B4b1-TESLIM-n12 
854.540771 854.726531 453.888929 A4-TESLIM-n13 
854.819410 855.098050 403.488618 G4-TESLIM-n14 
855.144490 855.469569 377.948157 F4#4-TESLIM-n15 
855.562449 855.794649 340.403285 E4-TESLIM-n16 
855.841088 856.212608 302.604541 D4-TESLIM-n17 
856.305488 856.723447 503.950731 B4b1-TESLIM-n18 
856.769887 856.862766 453.888929 A4-TESLIM-n19 
856.909206 857.048526 403.488618 G4-TESLIM-n20 
857.094966 857.698685 403.488618 G4-TESLIM-n21 
857.745125 857.977324 403.488618 G4-TESLIM-n22 
859.788481 860.670839 403.488618 G4-2._HANE-n1 
860.717279 861.320998 377.948157 F4#4-2._HANE-n2 
861.413878 862.296236 403.488618 G4-2._HANE-n3 
862.389116 862.899955 503.950731 B4b1-2._HANE-n4 
862.946395 863.178594 538.006021 C5-2._HANE-n5 
863.271474 864.478912 605.209083 D5-2._HANE-n6 
864.525351 865.361270 605.209083 D5-2._HANE-n7 
865.454150 866.800907 806.977237 G5-2._HANE-n8 
866.847347 867.033107 755.896315 F5#4-2._HANE-n9 
867.079546 868.519184 806.977237 G5-2._HANE-n10 
868.612063 869.030023 907.777858 A5-2._HANE-n11 
869.122902 869.633741 956.530517 B5b5-2._HANE-n12 
869.726621 870.144580 907.777858 A5-2._HANE-n13 
870.191020 870.841179 806.977237 G5-2._HANE-n14 
870.887619 871.212698 755.896315 F5#4-2._HANE-n15 
871.259138 873.023855 806.977237 G5-2._HANE-n16 
873.116735 873.116735 956.530517 B5b5-2._HANE-n17 
873.163175 873.441814 907.777858 A5-2._HANE-n18 
873.581134 873.999093 806.977237 G5-2._HANE-n19 
874.045533 874.509932 755.896315 F5#4-2._HANE-n20 
874.602812 875.113651 646.107070 E5b4-2._HANE-n21 
875.160091 875.856689 605.209083 D5-2._HANE-n22 
875.903129 876.599728 605.209083 D5-2._HANE-n23 
876.692608 876.692608 605.209083 D5-2._HANE-n24 
876.785488 876.971247 538.006021 C5-2._HANE-n25 
877.064127 877.389206 605.209083 D5-2._HANE-n26 
877.482086 877.946485 637.712136 E5b5-2._HANE-n27 
877.992925 878.503764 605.209083 D5-2._HANE-n28 
878.596644 878.968163 538.006021 C5-2._HANE-n29 
879.014603 879.432562 478.265259 B4b5-2._HANE-n30 
879.479002 880.036281 453.888929 A4-2._HANE-n31 
880.082721 881.243719 403.488618 G4-2._HANE-n32 
881.336599 881.243719 403.488618 G4-2._HANE-n33 
881.336599 881.336599 403.488618 G4-2._HANE-n34 
881.940317 882.079637 377.948157 F4#4-TESLIM-n1 
882.126077 882.311837 403.488618 G4-TESLIM-n2 
882.358277 882.776236 453.888929 A4-TESLIM-n3 
882.869116 883.426395 503.950731 B4b1-TESLIM-n4 
883.519274 883.937234 538.006021 C5-TESLIM-n5 
883.983673 884.494512 503.950731 B4b1-TESLIM-n6 
884.587392 885.005351 453.888929 A4-TESLIM-n7 
885.098231 885.609070 503.950731 B4b1-TESLIM-n8 
885.701950 886.027029 453.888929 A4-TESLIM-n9 
886.073469 886.584308 403.488618 G4-TESLIM-n10 
886.677188 887.327347 453.888929 A4-TESLIM-n11 
887.373787 887.745306 503.950731 B4b1-TESLIM-n12 
887.791746 887.931066 453.888929 A4-TESLIM-n13 
887.977506 888.349025 403.488618 G4-TESLIM-n14 
888.395465 888.581224 377.948157 F4#4-TESLIM-n15 
888.627664 888.906304 340.403285 E4-TESLIM-n16 
888.999184 889.277823 302.604541 D4-TESLIM-n17 
889.463583 889.695782 503.950731 B4b1-TESLIM-n18 
889.742222 889.927982 453.888929 A4-TESLIM-n19 
890.020862 890.113741 403.488618 G4-TESLIM-n20 
890.160181 891.088980 403.488618 G4-TESLIM-n21 
891.135420 891.506939 403.488618 G4-TESLIM-n22 
892.760816 893.503855 806.977237 G5-3._HANE-n1 
893.550295 894.061134 907.777858 A5-3._HANE-n2 
894.154014 894.664853 806.977237 G5-3._HANE-n3 
894.711293 895.175692 755.896315 F5#4-3._HANE-n4 
895.222132 895.593651 680.806570 E5-3._HANE-n5 
895.686531 896.336689 605.209083 D5-3._HANE-n6 
896.429569 897.683447 538.006021 C5-3._HANE-n7 
897.729887 898.194286 503.950731 B4b1-3._HANE-n8 
898.287166 899.401723 453.888929 A4-3._HANE-n9 
899.494603 900.051882 680.806570 E5-3._HANE-n10 
900.144762 900.702041 605.209083 D5-3._HANE-n11 
900.794921 901.259320 538.006021 C5-3._HANE-n12 
901.352200 902.420317 503.950731 B4b1-3._HANE-n13 
902.466757 902.466757 453.888929 A4-3._HANE-n14 
902.513197 903.534875 403.488618 G4-3._HANE-n15 
903.581315 903.952834 403.488618 G4-3._HANE-n16 
904.045714 904.928073 403.488618 G4-3._HANE-n17 
904.974512 905.392472 453.888929 A4-3._HANE-n18 
905.438912 905.856871 503.950731 B4b1-3._HANE-n19 
905.949751 906.367710 538.006021 C5-3._HANE-n20 
906.460590 907.017868 605.209083 D5-3._HANE-n21 
907.064308 907.342948 680.806570 E5-3._HANE-n22 
907.389388 907.946667 755.896315 F5#4-3._HANE-n23 
907.993107 908.921905 806.977237 G5-3._HANE-n24 
909.014785 909.386304 755.896315 F5#4-3._HANE-n25 
909.479184 910.965261 806.977237 G5-3._HANE-n26 
911.011701 911.383220 1007.901462 B5b1-3._HANE-n27 
911.476100 911.476100 907.777858 A5-3._HANE-n28 
911.522540 912.358458 806.977237 G5-3._HANE-n29 
912.451338 912.451338 755.896315 F5#4-3._HANE-n30 
912.544218 912.915737 907.777858 A5-3._HANE-n31 
913.008617 913.983855 806.977237 G5-3._HANE-n32 
914.076735 913.983855 806.977237 G5-3._HANE-n33 
914.076735 914.076735 806.977237 G5-3._HANE-n34 
914.819773 914.959093 377.948157 F4#4-TESLIM-n1 
915.005533 915.237732 403.488618 G4-TESLIM-n2 
915.284172 915.841451 453.888929 A4-TESLIM-n3 
915.934331 916.538050 503.950731 B4b1-TESLIM-n4 
916.630930 917.002449 538.006021 C5-TESLIM-n5 
917.048889 917.559728 503.950731 B4b1-TESLIM-n6 
917.652608 918.117007 453.888929 A4-TESLIM-n7 
918.163447 918.767166 503.950731 B4b1-TESLIM-n8 
918.813605 919.138685 453.888929 A4-TESLIM-n9 
919.185125 919.881723 403.488618 G4-TESLIM-n10 
919.928163 920.485442 453.888929 A4-TESLIM-n11 
920.578322 920.764082 503.950731 B4b1-TESLIM-n12 
920.856961 921.042721 453.888929 A4-TESLIM-n13 
921.135601 921.507120 403.488618 G4-TESLIM-n14 
921.553560 921.600000 377.948157 F4#4-TESLIM-n15 
921.646440 921.971519 340.403285 E4-TESLIM-n16 
922.064399 922.435918 302.604541 D4-TESLIM-n17 
922.528798 922.946757 503.950731 B4b1-TESLIM-n18 
922.993197 923.086077 453.888929 A4-TESLIM-n19 
923.178957 923.689796 403.488618 G4-TESLIM-n20 
923.736236 924.711474 403.488618 G4-TESLIM-n21 
924.804354 924.804354 403.488618 G4-TESLIM-n22 
925.872472 926.197551 806.977237 G5-4._HANE-n1 
926.243991 926.661950 806.977237 G5-4._HANE-n2 
926.754830 927.358549 1007.901462 B5b1-4._HANE-n3 
927.404989 927.544308 907.777858 A5-4._HANE-n4 
927.590748 927.822948 907.777858 A5-4._HANE-n5 
927.962268 928.101587 806.977237 G5-4._HANE-n6 
928.194467 928.519546 907.777858 A5-4._HANE-n7 
928.565986 928.798186 503.950731 B4b1-4._HANE-n8 
928.891066 929.216145 503.950731 B4b1-4._HANE-n9 
929.262585 929.541224 538.006021 C5-4._HANE-n10 
929.634104 929.912744 605.209083 D5-4._HANE-n11 
930.005624 930.330703 680.806570 E5-4._HANE-n12 
930.423583 930.887982 680.806570 E5-4._HANE-n13 
930.934422 930.980862 755.896315 F5#4-4._HANE-n14 
931.027302 931.305941 806.977237 G5-4._HANE-n15 
931.398821 932.048980 1007.901462 B5b1-4._HANE-n16 
932.095420 932.095420 1007.901462 B5b1-4._HANE-n17 
932.141859 932.374059 1076.012041 C6-4._HANE-n18 
932.466939 932.559819 1007.901462 B5b1-4._HANE-n19 
932.652698 932.792018 1076.012041 C6-4._HANE-n20 
932.838458 933.117098 1007.901462 B5b1-4._HANE-n21 
933.302857 933.860136 907.777858 A5-4._HANE-n22 
933.906576 934.185215 755.896315 F5#4-4._HANE-n23 
934.231655 934.463855 755.896315 F5#4-4._HANE-n24 
934.556735 934.788934 680.806570 E5-4._HANE-n25 
934.835374 934.881814 605.209083 D5-4._HANE-n26 
934.928254 935.392653 1007.901462 B5b1-4._HANE-n27 
935.439093 936.089252 1007.901462 B5b1-4._HANE-n28 
936.182132 936.182132 907.777858 A5-4._HANE-n29 
936.275011 936.553651 806.977237 G5-4._HANE-n30 
936.646531 936.832290 605.209083 D5-4._HANE-n31 
936.878730 937.018050 605.209083 D5-4._HANE-n32 
937.064490 937.389569 806.977237 G5-4._HANE-n33 
937.436009 937.853968 755.896315 F5#4-4._HANE-n34 
937.946848 938.597007 907.777858 A5-4._HANE-n35 
938.689887 939.014966 806.977237 G5-4._HANE-n36 
939.107846 939.572245 806.977237 G5-4._HANE-n37 
939.618685 939.665125 755.896315 F5#4-4._HANE-n38 
939.711565 939.804444 680.806570 E5-4._HANE-n39 
939.897324 940.501043 605.209083 D5-4._HANE-n40 
940.547483 940.547483 605.209083 D5-4._HANE-n41 
940.640363 940.779683 538.006021 C5-4._HANE-n42 
940.826122 940.965442 503.950731 B4b1-4._HANE-n43 
941.011882 941.151202 503.950731 B4b1-4._HANE-n44 
941.197642 941.662041 503.950731 B4b1-4._HANE-n45 
941.754921 942.126440 453.888929 A4-4._HANE-n46 
942.219320 942.405079 403.488618 G4-4._HANE-n47 
942.451519 942.590839 403.488618 G4-4._HANE-n48 
942.637279 943.380317 680.806570 E5-4._HANE-n49 
943.473197 943.984036 605.209083 D5-4._HANE-n50 
944.030476 944.262676 538.006021 C5-4._HANE-n51 
944.355556 944.680635 503.950731 B4b1-4._HANE-n52 
944.773515 945.098594 453.888929 A4-4._HANE-n53 
945.237914 945.934512 403.488618 G4-4._HANE-n54 
945.980952 945.980952 NaN Rest-4._HANE-n55 
946.631111 946.770431 806.977237 G5-4._HANE-n1 
946.816871 947.281270 806.977237 G5-4._HANE-n2 
947.374150 947.745669 1007.901462 B5b1-4._HANE-n3 
947.838549 948.442268 907.777858 A5-4._HANE-n4 
948.488707 948.767347 907.777858 A5-4._HANE-n5 
948.860227 948.860227 806.977237 G5-4._HANE-n6 
948.953107 948.999546 907.777858 A5-4._HANE-n7 
949.045986 949.278186 503.950731 B4b1-4._HANE-n8 
949.371066 949.649705 503.950731 B4b1-4._HANE-n9 
949.742585 949.789025 538.006021 C5-4._HANE-n10 
949.835465 949.974785 605.209083 D5-4._HANE-n11 
950.067664 950.392744 680.806570 E5-4._HANE-n12 
950.439184 950.857143 680.806570 E5-4._HANE-n13 
950.950023 950.996463 755.896315 F5#4-4._HANE-n14 
951.042902 951.135782 806.977237 G5-4._HANE-n15 
951.228662 951.878821 1007.901462 B5b1-4._HANE-n16 
951.971701 952.111020 1007.901462 B5b1-4._HANE-n17 
952.157460 952.296780 1076.012041 C6-4._HANE-n18 
952.343220 952.389660 1007.901462 B5b1-4._HANE-n19 
952.436100 952.575420 1076.012041 C6-4._HANE-n20 
952.621859 952.900499 1007.901462 B5b1-4._HANE-n21 
953.039819 953.411338 907.777858 A5-4._HANE-n22 
953.504218 953.782857 755.896315 F5#4-4._HANE-n23 
953.829297 954.154376 755.896315 F5#4-4._HANE-n24 
954.200816 954.247256 680.806570 E5-4._HANE-n25 
954.340136 954.479456 605.209083 D5-4._HANE-n26 
954.618776 954.990295 1007.901462 B5b1-4._HANE-n27 
955.036735 955.315374 1007.901462 B5b1-4._HANE-n28 
955.361814 955.408254 907.777858 A5-4._HANE-n29 
955.501134 955.779773 806.977237 G5-4._HANE-n30 
955.872653 956.011973 605.209083 D5-4._HANE-n31 
956.058413 956.290612 605.209083 D5-4._HANE-n32 
956.429932 956.847891 806.977237 G5-4._HANE-n33 
956.894331 957.172971 755.896315 F5#4-4._HANE-n34 
957.265850 957.869569 907.777858 A5-4._HANE-n35 
957.962449 958.519728 806.977237 G5-4._HANE-n36 
958.566168 958.798367 806.977237 G5-4._HANE-n37 
958.844807 958.891247 755.896315 F5#4-4._HANE-n38 
958.984127 959.077007 680.806570 E5-4._HANE-n39 
959.169887 959.541406 605.209083 D5-4._HANE-n40 
959.587846 959.820045 605.209083 D5-4._HANE-n41 
959.866485 960.005805 538.006021 C5-4._HANE-n42 
960.052245 960.098685 503.950731 B4b1-4._HANE-n43 
960.191565 960.423764 503.950731 B4b1-4._HANE-n44 
960.470204 960.888163 503.950731 B4b1-4._HANE-n45 
960.934603 961.166803 453.888929 A4-4._HANE-n46 
961.259683 961.399002 403.488618 G4-4._HANE-n47 
961.445442 961.584762 403.488618 G4-4._HANE-n48 
961.631202 962.281361 680.806570 E5-4._HANE-n49 
962.374240 962.745760 605.209083 D5-4._HANE-n50 
962.792200 963.070839 538.006021 C5-4._HANE-n51 
963.163719 963.395918 503.950731 B4b1-4._HANE-n52 
963.488798 963.860317 453.888929 A4-4._HANE-n53 
963.953197 964.603356 403.488618 G4-4._HANE-n54 
964.649796 964.649796 NaN Rest-4._HANE-n55 
965.717914 965.857234 377.948157 F4#4-TESLIM-n1 
965.950113 966.182313 403.488618 G4-TESLIM-n2 
966.228753 966.786032 453.888929 A4-TESLIM-n3 
966.878912 967.575510 503.950731 B4b1-TESLIM-n4 
967.668390 967.993469 538.006021 C5-TESLIM-n5 
968.086349 968.643628 503.950731 B4b1-TESLIM-n6 
968.736508 969.293787 453.888929 A4-TESLIM-n7 
969.386667 969.990385 503.950731 B4b1-TESLIM-n8 
970.036825 970.361905 453.888929 A4-TESLIM-n9 
970.408345 971.104943 403.488618 G4-TESLIM-n10 
971.197823 971.894422 453.888929 A4-TESLIM-n11 
971.940862 972.265941 503.950731 B4b1-TESLIM-n12 
972.312381 972.498141 453.888929 A4-TESLIM-n13 
972.591020 972.962540 403.488618 G4-TESLIM-n14 
973.008980 973.287619 377.948157 F4#4-TESLIM-n15 
973.334059 973.566259 340.403285 E4-TESLIM-n16 
973.612698 974.123537 302.604541 D4-TESLIM-n17 
974.216417 974.727256 503.950731 B4b1-TESLIM-n18 
974.773696 974.959456 453.888929 A4-TESLIM-n19 
975.052336 975.470295 403.488618 G4-TESLIM-n20 
975.563175 976.213333 403.488618 G4-TESLIM-n21 
976.306213 976.306213 403.488618 G4-TESLIM-n22 
