2.414875283	3.065034014	440.7631225585937	100
3.111473923	3.343673469	435.44891357421875	101
3.390113379	3.575873016	435.95227050781256	102
3.622312925	4.226031746	446.27105712890625	103
4.272471655	4.829750567	440.5086059570312	104
4.876190476	4.922630385	442.0380096435547	105
4.969070295	5.061950113	437.4657897949219	106
5.154829932	5.712108844	437.9714660644531	107
5.758548753	5.94430839	435.9522705078125	108
6.037188209	6.269387755	476.509033203125	109
6.362267574	6.640907029	394.4940490722657	110
6.733786848	7.012426304	357.5975646972656	111
7.105306122	8.219863946	334.0359802246094	112
8.266303855	8.498503401	357.8041687011719	113
8.544943311	8.637823129	0.0	114
8.684263039	9.659501134	265.27789306640625	115
9.752380952	10.03102041	364.2688293457031	116
10.07746032	10.40253968	394.9500427246094	117
10.44897959	11.28489796	439.2381896972656	118
11.37777778	11.84217687	438.9845581054687	119
11.93505669	12.16725624	193.2435531616211	120
12.21369615	12.53877551	353.28607177734375	121
12.63165533	13.04961451	325.2773132324219	122
13.14249433	13.56045351	286.5433807373047	123
13.65333333	13.93197279	473.7645263671875	124
13.9784127	14.02485261	520.2429809570312	125
14.11773243	14.30349206	487.6468811035157	126
14.34993197	14.39637188	440.2543029785156	127
14.44281179	15.32517007	440.5086059570312	128
15.51092971	15.69668934	193.63461303710938	129
15.74312925	15.92888889	172.01132202148438	130
15.9753288	16.16108844	331.6328582763672	131
16.20752834	16.34684807	147.00210571289062	132
16.43972789	16.62548753	261.7767333984375	133
16.67192744	16.85768707	236.47213745117188	134
16.90412698	17.83292517	220.2543029785156	135
17.92580499	18.25088435	357.5975646972656	136
18.29732426	18.62240363	390.8649291992188	137
18.71528345	19.36544218	437.7185363769531	138
19.458322	20.61931973	438.9845581054687	139
20.66575964	21.03727891	472.12542724609375	140
21.13015873	21.26947846	440.2542419433594	141
21.31591837	22.15183673	436.7083740234375	142
22.19827664	22.4769161	436.7083740234375	143
22.52335601	22.80199546	478.716064453125	144
22.89487528	23.17351474	97.99885559082034	145
23.26639456	23.77723356	354.92236328125	146
23.91655329	24.75247166	327.91839599609375	147
24.79891156	24.93823129	355.641357421875	148
25.03111111	25.17043084	363.8482360839844	149
25.21687075	26.09922902	288.9533996582031	150
26.19210884	26.4707483	360.0848388671875	151
26.51718821	26.88870748	395.6350402832032	152
26.9815873	27.67818594	438.7310485839843	153
27.72462585	28.32834467	428.7104187011719	154
28.42122449	28.69986395	196.4510955810547	155
28.79274376	29.21070295	177.66632080078125	156
29.30358277	29.58222222	168.27687072753906	157
29.62866213	29.9537415	287.2891540527344	158
30.00018141	30.09306122	220.63630676269534	159
30.13950113	30.32526077	311.93739318847656	160
30.37170068	30.74321995	476.7843322753906	161
30.83609977	30.9754195	439.74598693847656	162
31.06829932	32.18285714	439.74591064453125	163
32.22929705	32.41505669	438.9845581054687	164
32.50793651	32.64725624	441.9104461669922	166
32.78657596	32.87945578	392.3352355957031	167
32.9723356	33.20453515	173.80908203125	168
33.25097506	33.34385488	195.1504669189453	169
33.43673469	34.50485261	441.2726135253907	170
34.59773243	34.78349206	398.6170654296875	171
34.82993197	35.15501134	435.9522705078125	172
35.20145125	35.80517007	442.0379333496094	173
35.89804989	36.26956916	389.7377014160156	174
36.36244898	36.50176871	460.94300842285156	175
36.54820862	36.68752834	480.10064697265625	176
36.73396825	37.05904762	539.5176391601562	177
37.10548753	37.29124717	468.3231964111328	178
37.33768707	37.4770068	471.5806427001953	179
37.52344671	37.66276644	386.1523742675781	180
37.70920635	37.9878458	398.8473815917969	181
38.08072562	38.22004535	384.48388671875	182
38.26648526	38.49868481	333.26507568359375	183
38.54512472	38.59156463	329.72279357910156	184
38.63800454	38.9630839	328.48712158203125	185
39.00952381	39.10240363	328.6769714355469	186
39.24172336	39.38104308	326.4065856933594	187
39.4739229	39.9847619	291.7205352783203	188
40.03120181	40.449161	260.41937255859375	189
40.49560091	41.05287982	349.2282409667969	191
41.14575964	41.42439909	331.154296875	192
41.51727891	41.981678	294.5992126464844	193
42.02811791	42.16743764	356.7760925292969	194
42.26031746	42.63183673	264.13099670410156	195
42.72471655	42.9569161	237.7046661376953	196
43.09623583	43.14267574	310.1458282470703	197
43.18911565	43.23555556	248.09136199951172	198
43.32843537	43.37487528	231.87367248535156	199
43.4677551	43.65351474	233.4861297607422	200
43.69995465	43.74639456	218.92257690429688	201
43.83927438	44.76807256	219.11225891113284	202
44.81451247	45.13959184	438.4777221679687	203
45.23247166	45.41823129	441.5275573730469	205
45.4646712	45.60399093	196.337646484375	206
45.69687075	45.83619048	182.29229736328125	207
45.92907029	46.06839002	195.0941009521484	208
46.16126984	47.36870748	440.5086059570312	209
47.41514739	47.55446712	194.25082397460935	210
47.64734694	48.06530612	438.9845581054687	211
48.11174603	48.80834467	444.9840393066406	212
48.85478458	49.08698413	387.9408874511719	213
49.22630385	49.27274376	428.4628601074219	214
49.31918367	49.4585034	473.7646179199219	215
49.78358277	49.83002268	236.6087646484375	216
49.87646259	50.01578231	232.67832946777344	217
50.06222222	50.15510204	464.41683959960943	218
50.29442177	50.34086168	389.4001922607422	219
50.38730159	50.66594104	391.99542236328125	220
50.75882086	50.80526077	173.60841369628906	221
50.85170068	51.13034014	170.5273895263672	222
51.22321995	51.26965986	164.95681762695312	223
51.31609977	51.73405896	167.30766296386716	224
51.78049887	52.01269841	169.6431884765625	225
52.10557823	52.24489796	291.8047790527344	226
52.29133787	52.84861678	293.3257141113281	227
52.9414966	53.26657596	261.4744873046875	228
53.54521542	53.9631746	173.60841369628906	230
54.00961451	54.24181406	330.7719421386719	231
54.28825397	54.61333333	293.6647644042969	232
54.70621315	54.9384127	294.00421142578125	233
55.07773243	55.40281179	259.968505859375	234
55.54213152	55.72789116	237.9795913696289	235
55.82077098	55.86721088	148.28132629394534	236
55.9600907	56.00653061	252.49503326416016	237
56.05297052	56.14585034	234.22917175292966	238
56.19229025	56.4244898	233.95865631103516	239
56.51736961	56.65668934	217.34750366210938	240
56.70312925	57.63192744	220.38156127929685	241
57.72480726	57.9570068	330.5809326171875	242
58.00344671	58.04988662	344.9180450439453	243
58.14276644	58.23564626	170.47815704345703	244
58.32852608	58.4214059	294.6842956542969	245
58.51428571	58.65360544	260.19386291503906	246
58.79292517	58.97868481	294.6842956542969	247
59.11800454	60.04680272	164.6234893798828	248
60.13968254	60.55764172	294.5141296386719	249
60.65052154	60.83628118	327.91839599609375	250
60.929161	61.62575964	329.4372253417968	251
61.67219955	61.950839	293.6647644042969	252
62.09015873	62.32235828	333.0726318359375	253
62.36879819	62.78675737	358.21800231933594	254
62.83319728	63.25115646	392.221923828125	255
63.34403628	63.71555556	355.7433776855469	256
63.80843537	63.9477551	349.6324462890625	257
63.99419501	64.27283447	146.74758911132812	258
64.4121542	64.69079365	432.94091796875	259
64.73723356	64.9229932	437.9714660644531	260
65.01587302	65.38739229	390.4136657714844	261
65.4338322	65.48027211	361.9617004394531	262
65.52671202	65.71247166	343.7247009277344	263
65.80535147	66.17687075	293.8344421386719	264
66.22331066	66.64126984	331.154296875	265
66.73414966	67.19854875	348.2210693359375	266
67.24498866	67.61650794	398.8473815917969	267
67.66294785	68.08090703	434.8205871582031	268
68.17378685	68.31310658	388.50152587890625	269
68.35954649	68.59174603	363.8482360839844	270
68.63818594	68.82394558	437.4657897949219	271
68.9168254	68.96326531	542.6438903808594	272
69.00970522	69.14902494	526.890625	273
69.24190476	69.38122449	468.59347534179693	274
69.4276644	70.58866213	440.0	275
70.68154195	71.56390023	195.54539489746094	276
71.61034014	71.65678005	184.03797912597656	277
71.70321995	71.79609977	176.08363342285156	278
71.88897959	72.07473923	165.6728057861328	279
72.12117914	72.95709751	164.5284271240234	280
73.04997732	73.37505669	294.00421142578125	281
73.51437642	73.88589569	329.2469787597656	282
73.9323356	74.67537415	329.8180236816406	283
74.76825397	74.9075737	293.6647644042969	284
75.00045351	75.4184127	331.154296875	285
75.46485261	75.74349206	357.39105224609375	286
75.78993197	76.34721088	390.4136657714844	287
76.4400907	76.67229025	355.94891357421875	288
76.71873016	76.85804989	360.8135681152344	289
76.95092971	77.27600907	289.9565734863281	290
77.36888889	77.69396825	436.960693359375	291
77.78684807	77.87972789	438.0979919433594	292
77.97260771	78.25124717	392.67529296875	293
78.34412698	78.4370068	357.39111328125	294
78.52988662	78.62276644	341.64630126953125	295
78.71564626	79.31936508	293.8344421386719	296
79.36580499	79.83020408	332.1120910644532	297
79.87664399	80.20172336	358.83905029296875	298
80.24816327	80.66612245	399.6545715332031	299
80.71256236	81.08408163	437.7185363769531	300
81.17696145	81.31628118	391.99542236328125	301
81.409161	81.54848073	364.1637725830078	302
81.64136054	81.87356009	448.7266540527344	303
82.01287982	82.29151927	485.398681640625	305
82.38439909	82.430839	433.9424591064453	306
82.47727891	83.59183673	443.8288879394531	307
83.63827664	83.87047619	442.5488891601563	308
84.00979592	84.10267574	442.16563415527344	310
84.19555556	84.4277551	391.54284667968744	311
84.47419501	84.61351474	181.50427246093753	312
84.70639456	84.8921542	195.31964874267578	313
85.03147392	85.9138322	439.2381896972656	314
85.96027211	86.28535147	448.20855712890625	315
86.37823129	86.84263039	438.9845581054687	316
86.9355102	87.67854875	437.9715270996094	317
87.72498866	87.86430839	195.9411926269531	318
88.05006803	88.14294785	430.6960754394531	319
88.18938776	88.32870748	480.10064697265625	320
88.37514739	88.51446712	529.9429626464844	321
88.56090703	88.97886621	494.16867065429693	322
89.02530612	89.07174603	471.717041015625	323
89.16462585	89.44326531	196.6781768798828	324
89.48970522	89.58258503	191.85328674316406	325
89.86122449	89.95410431	171.71353149414062	326
90.00054422	90.09342404	173.85929870605472	327
90.13986395	90.18630385	164.33847045898438	328
90.27918367	90.83646259	166.44015502929688	329
90.88290249	90.9293424	164.8138885498047	330
90.97578231	91.11510204	229.21003723144534	331
91.20798186	91.71882086	290.6272888183594	332
91.81170068	92.18321995	260.64512634277344	333
92.32253968	92.78693878	174.61412048339844	335
92.87981859	93.15845805	166.1519775390625	336
93.25133787	93.57641723	295.0249328613281	337
93.66929705	93.94793651	294.85455322265625	338
93.99437642	94.31945578	258.47119140625	339
94.36589569	94.59809524	237.29310607910156	340
94.69097506	94.83029478	295.53662109375	341
94.87673469	94.96961451	282.11012268066406	342
95.10893424	95.15537415	245.80317687988284	343
95.20181406	95.29469388	238.18572235107422	344
95.3875737	95.61977324	219.6190948486328	345
95.71265306	96.59501134	223.0710906982422	346
96.64145125	96.87365079	441.2726135253907	347
97.01297052	97.15229025	451.3260803222656	349
97.19873016	97.43092971	196.11096191406247	350
97.52380952	97.61668934	181.24236297607422	351
97.70956916	97.84888889	392.221923828125	352
97.94176871	99.05632653	441.01779174804693	353
99.10276644	99.28852608	391.0907897949219	354
99.3814059	99.70648526	437.7185363769531	355
99.79936508	100.3102041	442.8045959472656	356
100.4030839	100.7746032	388.8382568359375	357
100.867483	101.0996825	432.69091796875	358
101.1461224	101.2854422	472.12542724609375	359
101.378322	101.6105215	553.0858764648438	360
101.6569615	101.7962812	460.94300842285156	361
101.889161	102.0284807	449.50491333007807	362
102.1213605	102.2142404	389.06292724609375	363
102.3071202	102.7250794	400.0012512207031	364
102.8179592	102.8643991	362.7991638183594	365
102.910839	103.0037188	348.82508850097656	366
103.0501587	103.1894785	327.16162109375	367
103.2823583	103.7467574	340.3659973144531	368
103.7931973	103.9789569	331.53707885742193	369
104.0718367	104.2111565	288.6197814941406	370
104.2575964	104.5826757	291.4678649902344	371
104.6755556	105.0006349	260.72039794921875	372
105.2328345	105.7436735	353.18406677246094	374
105.8365533	106.1616327	331.0586700439453	375
106.2545125	106.8117914	292.8178405761719	376
106.9046712	107.1368707	310.5008087158203	377
107.1833107	107.8799093	259.14393615722656	378
107.9727891	108.1585488	239.63470458984375	379
108.2514286	108.2978685	302.53211975097656	380
108.3907483	108.530068	283.82537841796875	381
108.6693878	108.9480272	231.07110595703125	383
108.9944671	109.2266667	225.53273010253906	384
109.3195465	109.4588662	221.0189666748047	385
