7.476825 7.941224 205.858831 E5b5-ARANAGME-n1 
7.987664 8.266304 205.858831 E5b5-ARANAGME-n2 
8.312744 8.452063 205.858831 E5b5-ARANAGME-n3 
8.498503 8.591383 195.366572 D5-ARANAGME-n4 
8.637823 8.730703 173.672860 C5-ARANAGME-n5 
8.777143 8.870023 154.388040 B4b5-ARANAGME-n6 
8.916463 9.009342 173.672860 C5-ARANAGME-n7 
9.055782 9.984580 195.366572 D5-ARANAGME-n8 
10.031020 10.681179 195.366572 D5-ARANAGME-n9 
10.727619 11.099138 173.672860 C5-ARANAGME-n10 
11.145578 11.145578 154.388040 B4b5-ARANAGME-n11 
11.192018 11.284898 146.519156 A4-ARANAGME-n12 
11.331338 11.424218 130.249513 G4-ARANAGME-n13 
11.470658 11.702857 130.249513 G4-ARANAGME-n14 
11.795737 12.074376 122.004838 F4#4-ARANAGME-n15 
12.120816 12.213696 130.249513 G4-ARANAGME-n16 
12.260136 12.353016 146.519156 A4-ARANAGME-n17 
12.585215 12.678095 154.388040 B4b5-ARANAGME-n18 
12.724535 12.817415 173.672860 C5-ARANAGME-n19 
12.863855 12.956735 195.366572 D5-ARANAGME-n20 
13.003175 13.142494 205.858831 E5b5-ARANAGME-n21 
13.235374 13.328254 195.366572 D5-ARANAGME-n22 
13.374694 13.467574 173.672860 C5-ARANAGME-n23 
13.514014 13.839093 195.366572 D5-ARANAGME-n24 
13.885533 13.978413 205.858831 E5b5-ARANAGME-n25 
14.024853 14.117732 195.366572 D5-ARANAGME-n26 
14.164172 14.628571 173.672860 C5-ARANAGME-n27 
14.675011 14.675011 154.388040 B4b5-ARANAGME-n28 
14.767891 15.046531 173.672860 C5-ARANAGME-n29 
15.139410 15.557370 195.366572 D5-ARANAGME-n30 
15.650249 18.343764 205.858831 E5b5-ARANAGME-n31 
18.436644 18.993923 205.858831 E5b5-ARANAGME-n32 
19.086803 19.504762 195.366572 D5-ARANAGME-n33 
19.551202 19.551202 173.672860 C5-ARANAGME-n34 
19.597642 19.690522 154.388040 B4b5-ARANAGME-n35 
19.736961 19.829841 173.672860 C5-ARANAGME-n36 
19.876281 20.480000 195.366572 D5-ARANAGME-n37 
20.572880 20.897959 195.366572 D5-ARANAGME-n38 
20.990839 21.501678 195.366572 D5-ARANAGME-n39 
21.548118 22.058957 195.366572 D5-ARANAGME-n40 
22.105397 22.105397 173.672860 C5-ARANAGME-n41 
22.151837 22.244717 154.388040 B4b5-ARANAGME-n42 
22.337596 22.476916 146.519156 A4-ARANAGME-n43 
22.569796 22.755556 130.249513 G4-ARANAGME-n44 
22.848435 24.102313 146.519156 A4-ARANAGME-n45 
24.195193 24.195193 205.858831 E5b5-ARANAGME-n46 
24.288073 24.566712 195.366572 D5-ARANAGME-n47 
24.613152 24.891791 173.672860 C5-ARANAGME-n48 
24.984671 25.495510 154.388040 B4b5-ARANAGME-n49 
25.588390 27.260227 146.519156 A4-ARANAGME-n50 
27.353107 27.353107 130.249513 G4-ARANAGME-n51 
27.445986 27.631746 122.004838 F4#4-ARANAGME-n52 
27.724626 28.142585 130.249513 G4-ARANAGME-n53 
28.235465 28.142585 130.249513 G4-ARANAGME-n54 
28.235465 28.142585 122.004838 F4#4-ARANAGME-n55 
28.235465 28.142585 130.249513 G4-ARANAGME-n56 
28.235465 28.235465 205.858831 E5b5-ARANAGME-n57 
31.068299 31.439819 205.858831 E5b5-ARANAGME-n1 
31.486259 32.275737 205.858831 E5b5-ARANAGME-n2 
32.368617 32.833016 205.858831 E5b5-ARANAGME-n3 
32.925896 33.436735 195.366572 D5-ARANAGME-n4 
33.483175 33.483175 173.672860 C5-ARANAGME-n5 
33.576054 33.761814 154.388040 B4b5-ARANAGME-n6 
33.808254 33.901134 173.672860 C5-ARANAGME-n7 
33.994014 35.108571 195.366572 D5-ARANAGME-n8 
35.201451 35.619410 195.366572 D5-ARANAGME-n9 
35.712290 35.898050 173.672860 C5-ARANAGME-n10 
35.944490 35.944490 154.388040 B4b5-ARANAGME-n11 
35.990930 36.037370 146.519156 A4-ARANAGME-n12 
36.083810 36.176689 130.249513 G4-ARANAGME-n13 
36.223129 36.316009 130.249513 G4-ARANAGME-n14 
36.362449 36.455329 122.004838 F4#4-ARANAGME-n15 
36.501769 36.641088 130.249513 G4-ARANAGME-n16 
36.687528 36.780408 146.519156 A4-ARANAGME-n17 
36.826848 36.919728 154.388040 B4b5-ARANAGME-n18 
36.966168 37.198367 173.672860 C5-ARANAGME-n19 
37.244807 37.291247 195.366572 D5-ARANAGME-n20 
37.337687 37.430567 205.858831 E5b5-ARANAGME-n21 
37.477007 37.616327 195.366572 D5-ARANAGME-n22 
37.662766 37.709206 173.672860 C5-ARANAGME-n23 
37.755646 37.987846 195.366572 D5-ARANAGME-n24 
38.034286 38.127166 205.858831 E5b5-ARANAGME-n25 
38.220045 38.405805 195.366572 D5-ARANAGME-n26 
38.452245 38.591565 173.672860 C5-ARANAGME-n27 
38.684444 38.870204 154.388040 B4b5-ARANAGME-n28 
38.963084 39.241723 173.672860 C5-ARANAGME-n29 
39.288163 39.613243 195.366572 D5-ARANAGME-n30 
39.659683 41.795918 205.858831 E5b5-ARANAGME-n31 
41.888798 42.353197 205.858831 E5b5-ARANAGME-n32 
42.399637 42.771156 195.366572 D5-ARANAGME-n33 
42.817596 42.864036 173.672860 C5-ARANAGME-n34 
42.910476 43.003356 154.388040 B4b5-ARANAGME-n35 
43.049796 43.142676 173.672860 C5-ARANAGME-n36 
43.189116 43.560635 195.366572 D5-ARANAGME-n37 
43.653515 43.932154 195.366572 D5-ARANAGME-n38 
43.978594 44.675193 195.366572 D5-ARANAGME-n39 
44.721633 44.907392 195.366572 D5-ARANAGME-n40 
45.000272 45.000272 173.672860 C5-ARANAGME-n41 
45.093152 45.278912 154.388040 B4b5-ARANAGME-n42 
45.371791 45.464671 146.519156 A4-ARANAGME-n43 
45.557551 45.836190 130.249513 G4-ARANAGME-n44 
45.882630 46.672109 146.519156 A4-ARANAGME-n45 
46.764989 47.368707 205.858831 E5b5-ARANAGME-n46 
47.415147 47.415147 195.366572 D5-ARANAGME-n47 
47.508027 47.879546 173.672860 C5-ARANAGME-n48 
47.972426 48.483265 154.388040 B4b5-ARANAGME-n49 
48.576145 48.947664 146.519156 A4-ARANAGME-n50 
49.040544 50.062222 130.249513 G4-ARANAGME-n51 
50.155102 50.480181 122.004838 F4#4-ARANAGME-n52 
50.712381 50.805261 130.249513 G4-ARANAGME-n53 
50.898141 50.805261 130.249513 G4-ARANAGME-n54 
50.898141 50.805261 122.004838 F4#4-ARANAGME-n55 
50.898141 50.805261 130.249513 G4-ARANAGME-n56 
50.898141 50.898141 205.858831 E5b5-ARANAGME-n57 
51.873379 52.477098 130.249513 G4-ZEMIN-n1 
52.569977 53.080816 195.366572 D5-ZEMIN-n2 
53.127256 53.405896 183.000047 C5#4-ZEMIN-n3 
53.452336 53.638095 195.366572 D5-ZEMIN-n4 
53.730975 54.241814 205.858831 E5b5-ZEMIN-n5 
54.334694 54.427574 195.366572 D5-ZEMIN-n6 
54.474014 58.467846 195.366572 D5-ZEMIN-n7 
58.514286 58.746485 173.672860 C5-ZEMIN-n8 
58.792925 58.792925 195.366572 D5-ZEMIN-n9 
58.839365 59.071565 205.858831 E5b5-ZEMIN-n10 
59.118005 59.396644 195.366572 D5-ZEMIN-n11 
59.489524 59.861043 173.672860 C5-ZEMIN-n12 
59.907483 59.907483 154.388040 B4b5-ZEMIN-n13 
60.000363 60.232562 146.519156 A4-ZEMIN-n14 
60.279002 60.464762 130.249513 G4-ZEMIN-n15 
60.511202 62.740317 146.519156 A4-ZEMIN-n16 
62.833197 64.133515 205.858831 E5b5-ZEMIN-n17 
64.179955 64.737234 205.858831 E5b5-ZEMIN-n18 
64.830113 65.248073 205.858831 E5b5-ZEMIN-n19 
65.340952 66.176871 195.366572 D5-ZEMIN-n20 
66.223311 66.223311 195.366572 D5-ZEMIN-n21 
66.269751 66.362630 173.672860 C5-ZEMIN-n22 
66.455510 67.059229 173.672860 C5-ZEMIN-n23 
67.105669 67.662948 154.388040 B4b5-ZEMIN-n24 
67.709388 67.709388 173.672860 C5-ZEMIN-n25 
67.802268 68.870385 195.366572 D5-ZEMIN-n26 
68.963265 69.799184 195.366572 D5-ZEMIN-n27 
69.892063 70.217143 205.858831 E5b5-ZEMIN-n28 
70.402902 70.495782 195.366572 D5-ZEMIN-n29 
70.542222 70.727982 173.672860 C5-ZEMIN-n30 
70.820862 71.006621 154.388040 B4b5-ZEMIN-n31 
71.099501 71.378141 146.519156 A4-ZEMIN-n32 
71.424580 71.935420 130.249513 G4-ZEMIN-n33 
72.028299 72.028299 130.249513 G4-ZEMIN-n34 
72.585578 73.328617 130.249513 G4-ZEMIN*-n1 
73.421497 73.932336 195.366572 D5-ZEMIN*-n2 
73.978776 74.489615 183.000047 C5#4-ZEMIN*-n3 
74.536054 74.536054 195.366572 D5-ZEMIN*-n4 
74.675374 75.046893 205.858831 E5b5-ZEMIN*-n5 
75.093333 75.279093 195.366572 D5-ZEMIN*-n6 
75.371973 78.947846 195.366572 D5-ZEMIN*-n7 
78.994286 79.365805 173.672860 C5-ZEMIN*-n8 
79.458685 79.458685 195.366572 D5-ZEMIN*-n9 
79.551565 79.969524 205.858831 E5b5-ZEMIN*-n10 
80.062404 80.294603 195.366572 D5-ZEMIN*-n11 
80.341043 80.341043 173.672860 C5-ZEMIN*-n12 
80.387483 80.712562 154.388040 B4b5-ZEMIN*-n13 
80.805442 81.130522 146.519156 A4-ZEMIN*-n14 
81.176961 81.176961 130.249513 G4-ZEMIN*-n15 
81.269841 83.498957 146.519156 A4-ZEMIN*-n16 
83.591837 84.752834 205.858831 E5b5-ZEMIN*-n17 
84.799274 85.356553 205.858831 E5b5-ZEMIN*-n18 
85.449433 85.774512 205.858831 E5b5-ZEMIN*-n19 
85.820952 86.006712 195.366572 D5-ZEMIN*-n20 
86.099592 86.703311 195.366572 D5-ZEMIN*-n21 
86.796190 86.889070 173.672860 C5-ZEMIN*-n22 
86.935510 87.399909 173.672860 C5-ZEMIN*-n23 
87.678549 87.864308 154.388040 B4b5-ZEMIN*-n24 
87.957188 88.189388 173.672860 C5-ZEMIN*-n25 
88.235828 89.861224 195.366572 D5-ZEMIN*-n26 
89.907664 90.557823 195.366572 D5-ZEMIN*-n27 
90.604263 90.604263 205.858831 E5b5-ZEMIN*-n28 
90.650703 91.022222 195.366572 D5-ZEMIN*-n29 
91.115102 91.393741 173.672860 C5-ZEMIN*-n30 
91.486621 91.672381 154.388040 B4b5-ZEMIN*-n31 
91.718821 92.043900 173.672860 C5-ZEMIN*-n32 
92.136780 92.833379 195.366572 D5-ZEMIN*-n33 
92.926259 92.926259 195.366572 D5-ZEMIN*-n34 
93.529977 94.087256 195.366572 D5-NAKARAT-n1 
94.180136 94.551655 260.499026 G5-NAKARAT-n2 
94.598095 94.783855 244.009676 F5#4-NAKARAT-n3 
94.830295 95.108934 260.499026 G5-NAKARAT-n4 
95.155374 95.573333 293.038313 A5-NAKARAT-n5 
95.666213 95.851973 260.499026 G5-NAKARAT-n6 
95.944853 97.384490 260.499026 G5-NAKARAT-n7 
97.477370 97.802449 260.499026 G5-NAKARAT-n8 
97.895329 98.034649 231.572936 F5-NAKARAT-n9 
98.127528 98.313288 205.858831 E5b5-NAKARAT-n10 
98.359728 98.638367 195.366572 D5-NAKARAT-n11 
98.731247 98.917007 173.672860 C5-NAKARAT-n12 
99.009887 99.892245 173.672860 C5-NAKARAT-n13 
99.985125 100.124444 195.366572 D5-NAKARAT-n14 
100.217324 100.403084 205.858831 E5b5-NAKARAT-n15 
100.449524 100.635283 195.366572 D5-NAKARAT-n16 
100.728163 100.960363 173.672860 C5-NAKARAT-n17 
101.053243 101.146122 154.388040 B4b5-NAKARAT-n18 
101.192562 101.517642 146.519156 A4-NAKARAT-n19 
101.610522 102.074921 130.249513 G4-NAKARAT-n20 
102.167800 103.560998 146.519156 A4-NAKARAT-n21 
103.653878 103.653878 146.519156 A4-NAKARAT-n22 
103.746757 103.932517 154.388040 B4b5-NAKARAT-n23 
104.025397 104.211156 173.672860 C5-NAKARAT-n24 
104.304036 104.675556 195.366572 D5-NAKARAT-n25 
104.721995 105.279274 154.388040 B4b5-NAKARAT-n26 
105.372154 105.650794 146.519156 A4-NAKARAT-n27 
105.743673 106.393832 130.249513 G4-NAKARAT-n28 
106.440272 106.765351 205.858831 E5b5-NAKARAT-n29 
106.811791 107.369070 195.366572 D5-NAKARAT-n30 
107.601270 107.694150 173.672860 C5-NAKARAT-n31 
107.787029 108.530068 173.672860 C5-NAKARAT-n32 
108.576508 108.576508 154.388040 B4b5-NAKARAT-n33 
108.669388 108.901587 173.672860 C5-NAKARAT-n34 
108.948027 110.294785 195.366572 D5-NAKARAT-n35 
110.387664 111.130703 195.366572 D5-NAKARAT-n36 
111.177143 111.409342 205.858831 E5b5-NAKARAT-n37 
111.502222 111.780862 195.366572 D5-NAKARAT-n38 
111.827302 111.920181 173.672860 C5-NAKARAT-n39 
111.966621 112.245261 154.388040 B4b5-NAKARAT-n40 
112.291701 112.616780 173.672860 C5-NAKARAT-n41 
112.709660 113.406259 195.366572 D5-NAKARAT-n42 
113.499138 113.499138 195.366572 D5-NAKARAT-n43 
114.149297 114.706576 195.366572 D5-NAKARAT*-n1 
114.799456 115.217415 260.499026 G5-NAKARAT*-n2 
115.263855 115.356735 244.009676 F5#4-NAKARAT*-n3 
115.403175 115.867574 260.499026 G5-NAKARAT*-n4 
115.960454 116.192653 293.038313 A5-NAKARAT*-n5 
116.239093 116.703492 260.499026 G5-NAKARAT*-n6 
116.749932 118.003810 260.499026 G5-NAKARAT*-n7 
118.050249 118.236009 260.499026 G5-NAKARAT*-n8 
118.328889 118.653968 231.572936 F5-NAKARAT*-n9 
118.746848 119.025488 205.858831 E5b5-NAKARAT*-n10 
119.071927 119.211247 195.366572 D5-NAKARAT*-n11 
119.257687 119.443447 173.672860 C5-NAKARAT*-n12 
119.536327 120.279365 173.672860 C5-NAKARAT*-n13 
120.372245 120.604444 195.366572 D5-NAKARAT*-n14 
120.697324 120.883084 205.858831 E5b5-NAKARAT*-n15 
120.929524 121.161723 195.366572 D5-NAKARAT*-n16 
121.254603 121.440363 173.672860 C5-NAKARAT*-n17 
121.533243 121.672562 154.388040 B4b5-NAKARAT*-n18 
121.719002 121.997642 146.519156 A4-NAKARAT*-n19 
122.090522 122.415601 130.249513 G4-NAKARAT*-n20 
122.508481 123.808798 146.519156 A4-NAKARAT*-n21 
123.901678 124.040998 146.519156 A4-NAKARAT*-n22 
124.133878 124.412517 154.388040 B4b5-NAKARAT*-n23 
124.458957 124.737596 173.672860 C5-NAKARAT*-n24 
124.784036 125.155556 195.366572 D5-NAKARAT*-n25 
125.248435 125.898594 154.388040 B4b5-NAKARAT*-n26 
125.991474 126.223673 146.519156 A4-NAKARAT*-n27 
126.270113 126.780952 130.249513 G4-NAKARAT*-n28 
126.873832 127.106032 205.858831 E5b5-NAKARAT*-n29 
127.152472 127.570431 195.366572 D5-NAKARAT*-n30 
127.616871 127.709751 173.672860 C5-NAKARAT*-n31 
127.756190 128.731429 154.388040 B4b5-NAKARAT*-n32 
128.777868 129.010068 146.519156 A4-NAKARAT*-n33 
129.056508 129.428027 130.249513 G4-NAKARAT*-n34 
129.520907 129.520907 122.004838 F4#4-NAKARAT*-n35 
129.567347 131.099864 130.249513 G4-NAKARAT*-n36 
131.146304 131.378503 195.366572 D5-NAKARAT*-n37 
131.471383 131.935782 308.776080 B5b5-NAKARAT*-n38 
132.028662 132.353741 293.038313 A5-NAKARAT*-n39 
132.446621 132.678821 260.499026 G5-NAKARAT*-n40 
132.725261 132.864580 293.038313 A5-NAKARAT*-n41 
132.911020 133.143220 231.572936 F5-NAKARAT*-n42 
133.236100 133.839819 260.499026 G5-NAKARAT*-n43 
133.932698 133.839819 260.499026 G5-NAKARAT*-n44 
133.932698 133.932698 231.572936 F5-NAKARAT*-n45 
134.443537 135.000816 231.572936 F5-MEYAN-n1 
135.047256 135.697415 260.499026 G5-MEYAN-n2 
135.790295 135.929615 231.572936 F5-MEYAN-n3 
136.022494 136.208254 260.499026 G5-MEYAN-n4 
136.301134 136.765533 293.038313 A5-MEYAN-n5 
136.858413 137.276372 260.499026 G5-MEYAN-n6 
137.369252 138.483810 260.499026 G5-MEYAN-n7 
138.530249 138.855329 260.499026 G5-MEYAN-n8 
138.948209 139.133968 293.038313 A5-MEYAN-n9 
139.226848 139.412608 231.572936 F5-MEYAN-n10 
139.459048 139.551927 216.914581 E5b1-MEYAN-n11 
139.644807 140.016327 195.366572 D5-MEYAN-n12 
140.109206 140.573605 293.038313 A5-MEYAN-n13 
140.620045 140.898685 260.499026 G5-MEYAN-n14 
140.945125 141.270204 260.499026 G5-MEYAN-n15 
141.316644 141.502404 231.572936 F5-MEYAN-n16 
141.595283 141.873923 231.572936 F5-MEYAN-n17 
141.920363 141.966803 216.914581 E5b1-MEYAN-n18 
142.013243 142.477642 216.914581 E5b1-MEYAN-n19 
142.524082 142.709841 195.366572 D5-MEYAN-n20 
142.756281 145.310476 195.366572 D5-MEYAN-n21 
145.403356 145.960635 205.858831 E5b5-MEYAN-n22 
146.053515 147.028753 205.858831 E5b5-MEYAN-n23 
147.121633 147.678912 205.858831 E5b5-MEYAN-n24 
147.771791 147.911111 195.366572 D5-MEYAN-n25 
147.957551 148.468390 195.366572 D5-MEYAN-n26 
148.561270 148.932789 173.672860 C5-MEYAN-n27 
149.025669 149.164989 231.572936 F5-MEYAN-n28 
149.257868 149.443628 260.499026 G5-MEYAN-n29 
149.536508 149.768707 293.038313 A5-MEYAN-n30 
149.815147 150.000907 293.038313 A5-MEYAN-n31 
150.047347 150.186667 260.499026 G5-MEYAN-n32 
150.233107 150.558186 260.499026 G5-MEYAN-n33 
150.604626 150.790385 231.572936 F5-MEYAN-n34 
150.883265 152.462222 260.499026 G5-MEYAN-n35 
152.508662 152.740862 195.366572 D5-MEYAN-n36 
152.787302 152.880181 308.776080 B5b5-MEYAN-n37 
152.926621 153.019501 293.038313 A5-MEYAN-n38 
153.065941 153.251701 260.499026 G5-MEYAN-n39 
153.298141 153.437460 293.038313 A5-MEYAN-n40 
153.483900 153.669660 231.572936 F5-MEYAN-n41 
153.762540 154.459138 260.499026 G5-MEYAN-n42 
154.552018 154.459138 260.499026 G5-MEYAN-n43 
154.552018 154.552018 231.572936 F5-MEYAN-n44 
155.062857 155.527256 231.572936 F5-MEYAN*-n1 
155.573696 155.991655 260.499026 G5-MEYAN*-n2 
156.084535 156.456054 231.572936 F5-MEYAN*-n3 
156.548934 156.734694 260.499026 G5-MEYAN*-n4 
156.827574 157.291973 293.038313 A5-MEYAN*-n5 
157.384853 157.570612 260.499026 G5-MEYAN*-n6 
157.617052 158.963810 260.499026 G5-MEYAN*-n7 
159.056689 159.474649 260.499026 G5-MEYAN*-n8 
159.567528 159.753288 293.038313 A5-MEYAN*-n9 
159.846168 159.939048 231.572936 F5-MEYAN*-n10 
159.985488 160.264127 216.914581 E5b1-MEYAN*-n11 
160.310567 160.635646 195.366572 D5-MEYAN*-n12 
160.728526 161.239365 293.038313 A5-MEYAN*-n13 
161.285805 161.425125 260.499026 G5-MEYAN*-n14 
161.518005 161.796644 260.499026 G5-MEYAN*-n15 
161.843084 162.075283 231.572936 F5-MEYAN*-n16 
162.121723 162.261043 231.572936 F5-MEYAN*-n17 
162.307483 162.446803 216.914581 E5b1-MEYAN*-n18 
162.493243 163.004082 216.914581 E5b1-MEYAN*-n19 
163.050522 163.189841 195.366572 D5-MEYAN*-n20 
163.236281 165.372517 195.366572 D5-MEYAN*-n21 
165.465397 166.858594 205.858831 E5b5-MEYAN*-n22 
166.951474 167.740952 205.858831 E5b5-MEYAN*-n23 
167.833832 168.158912 205.858831 E5b5-MEYAN*-n24 
168.205351 168.437551 195.366572 D5-MEYAN*-n25 
168.530431 169.180590 195.366572 D5-MEYAN*-n26 
169.227029 169.319909 173.672860 C5-MEYAN*-n27 
169.412789 169.877188 173.672860 C5-MEYAN*-n28 
169.923628 170.295147 154.388040 B4b5-MEYAN*-n29 
170.388027 170.666667 173.672860 C5-MEYAN*-n30 
170.713107 170.991746 195.366572 D5-MEYAN*-n31 
171.038186 172.338503 195.366572 D5-MEYAN*-n32 
172.384943 172.756463 195.366572 D5-MEYAN*-n33 
172.849342 173.220862 205.858831 E5b5-MEYAN*-n34 
173.313741 173.592381 195.366572 D5-MEYAN*-n35 
173.638821 173.731701 173.672860 C5-MEYAN*-n36 
173.778141 174.010340 154.388040 B4b5-MEYAN*-n37 
174.103220 174.381859 173.672860 C5-MEYAN*-n38 
174.474739 175.078458 195.366572 D5-MEYAN*-n39 
175.171338 175.171338 195.366572 D5-MEYAN*-n40 
175.264218 176.239456 195.366572 D5-NAKARAT-n1 
176.332336 176.889615 260.499026 G5-NAKARAT-n2 
176.936054 177.075374 244.009676 F5#4-NAKARAT-n3 
177.121814 177.864853 260.499026 G5-NAKARAT-n4 
177.911293 177.911293 293.038313 A5-NAKARAT-n5 
178.004172 178.097052 260.499026 G5-NAKARAT-n6 
178.143492 179.490249 260.499026 G5-NAKARAT-n7 
179.583129 180.001088 260.499026 G5-NAKARAT-n8 
180.093968 180.372608 231.572936 F5-NAKARAT-n9 
180.465488 180.697687 205.858831 E5b5-NAKARAT-n10 
180.744127 180.837007 195.366572 D5-NAKARAT-n11 
180.883447 180.976327 173.672860 C5-NAKARAT-n12 
181.022766 182.276644 173.672860 C5-NAKARAT-n13 
182.323084 182.323084 195.366572 D5-NAKARAT-n14 
182.415964 182.555283 205.858831 E5b5-NAKARAT-n15 
182.648163 182.787483 195.366572 D5-NAKARAT-n16 
182.880363 183.019683 173.672860 C5-NAKARAT-n17 
183.112562 183.576961 154.388040 B4b5-NAKARAT-n18 
183.669841 183.669841 146.519156 A4-NAKARAT-n19 
183.762721 184.041361 130.249513 G4-NAKARAT-n20 
184.134240 185.713197 146.519156 A4-NAKARAT-n21 
185.759637 185.759637 146.519156 A4-NAKARAT-n22 
185.852517 186.084717 154.388040 B4b5-NAKARAT-n23 
186.177596 186.409796 173.672860 C5-NAKARAT-n24 
186.456236 186.781315 195.366572 D5-NAKARAT-n25 
186.827755 187.292154 154.388040 B4b5-NAKARAT-n26 
187.385034 187.756553 146.519156 A4-NAKARAT-n27 
187.849433 188.499592 130.249513 G4-NAKARAT-n28 
188.592472 188.824671 205.858831 E5b5-NAKARAT-n29 
188.871111 189.521270 195.366572 D5-NAKARAT-n30 
189.567710 189.660590 173.672860 C5-NAKARAT-n31 
189.707029 190.310748 173.672860 C5-NAKARAT-n32 
190.403628 190.960907 154.388040 B4b5-NAKARAT-n33 
191.007347 191.007347 173.672860 C5-NAKARAT-n34 
191.100227 192.261224 195.366572 D5-NAKARAT-n35 
192.354104 193.422222 195.366572 D5-NAKARAT-n36 
193.515102 193.515102 205.858831 E5b5-NAKARAT-n37 
193.561542 193.654422 195.366572 D5-NAKARAT-n38 
193.747302 193.979501 173.672860 C5-NAKARAT-n39 
194.072381 194.258141 154.388040 B4b5-NAKARAT-n40 
194.304580 194.583220 173.672860 C5-NAKARAT-n41 
194.676100 195.326259 195.366572 D5-NAKARAT-n42 
195.419138 195.419138 195.366572 D5-NAKARAT-n43 
195.929977 196.626576 195.366572 D5-NAKARAT*-n1 
196.719456 197.090975 260.499026 G5-NAKARAT*-n2 
197.137415 197.323175 244.009676 F5#4-NAKARAT*-n3 
197.416054 197.787574 260.499026 G5-NAKARAT*-n4 
197.834014 198.112653 293.038313 A5-NAKARAT*-n5 
198.159093 198.344853 260.499026 G5-NAKARAT*-n6 
198.437732 199.923810 260.499026 G5-NAKARAT*-n7 
199.970249 200.156009 260.499026 G5-NAKARAT*-n8 
200.248889 200.341769 231.572936 F5-NAKARAT*-n9 
200.388209 200.666848 205.858831 E5b5-NAKARAT*-n10 
200.713288 200.945488 195.366572 D5-NAKARAT*-n11 
201.038367 201.177687 173.672860 C5-NAKARAT*-n12 
201.224127 202.152925 173.672860 C5-NAKARAT*-n13 
202.199365 202.478005 195.366572 D5-NAKARAT*-n14 
202.524444 202.663764 205.858831 E5b5-NAKARAT*-n15 
202.710204 202.988844 195.366572 D5-NAKARAT*-n16 
203.081723 203.221043 173.672860 C5-NAKARAT*-n17 
203.313923 203.453243 154.388040 B4b5-NAKARAT*-n18 
203.499683 203.871202 146.519156 A4-NAKARAT*-n19 
203.964082 204.149841 130.249513 G4-NAKARAT*-n20 
204.242721 205.589478 146.519156 A4-NAKARAT*-n21 
205.682358 205.960998 146.519156 A4-NAKARAT*-n22 
206.053878 206.332517 154.388040 B4b5-NAKARAT*-n23 
206.425397 206.611156 173.672860 C5-NAKARAT*-n24 
206.704036 207.214875 195.366572 D5-NAKARAT*-n25 
207.261315 207.911474 154.388040 B4b5-NAKARAT*-n26 
207.957914 208.236553 146.519156 A4-NAKARAT*-n27 
208.329433 208.886712 130.249513 G4-NAKARAT*-n28 
209.072472 209.351111 205.858831 E5b5-NAKARAT*-n29 
209.397551 210.233469 195.366572 D5-NAKARAT*-n30 
210.279909 210.512109 173.672860 C5-NAKARAT*-n31 
210.604989 211.533787 154.388040 B4b5-NAKARAT*-n32 
211.580227 211.951746 146.519156 A4-NAKARAT*-n33 
212.044626 212.416145 130.249513 G4-NAKARAT*-n34 
212.509025 213.066304 122.004838 F4#4-NAKARAT*-n35 
213.159184 215.574059 130.249513 G4-NAKARAT*-n36 
215.666939 215.574059 195.366572 D5-NAKARAT*-n37 
215.666939 215.574059 308.776080 B5b5-NAKARAT*-n38 
215.666939 215.574059 293.038313 A5-NAKARAT*-n39 
215.666939 215.574059 260.499026 G5-NAKARAT*-n40 
215.666939 215.574059 293.038313 A5-NAKARAT*-n41 
215.666939 215.574059 231.572936 F5-NAKARAT*-n42 
215.666939 215.574059 260.499026 G5-NAKARAT*-n43 
215.666939 215.574059 260.499026 G5-NAKARAT*-n44 
215.666939 215.666939 231.572936 F5-NAKARAT*-n45 
